Running method validate_set_V(m = 49, d = 3):

Summary:
given m = 49, d = 3
Calculations took 0 days, 0 hours, 0 minutes, 0 seconds, 74 miliseconds, 442 microseconds, 400 nanoseconds.
Z/mZ:  [0, 1, 2, 3, 4, 5, 6, 7, 8, 9, 10, 11, 12, 13, 14, 15, 16, 17, 18, 19, 20, 21, 22, 23, 24, 25, 26, 27, 28, 29, 30, 31, 32, 33, 34, 35, 36, 37, 38, 39, 40, 41, 42, 43, 44, 45, 46, 47, 48]
Z/mZ*: [1, 2, 3, 4, 5, 6, 8, 9, 10, 11, 12, 13, 15, 16, 17, 18, 19, 20, 22, 23, 24, 25, 26, 27, 29, 30, 31, 32, 33, 34, 36, 37, 38, 39, 40, 41, 43, 44, 45, 46, 47, 48]
All ascending & non-repeating tuple (size 6) combinations possible for the U set: 12271512
All ascending & non-repeating tuple (size 1 to 6) combinations possible for the U set: 281474976710655
                      V set: contains 2024 tuples
          all_are_pairs set: contains 2024 tuples
         some_are_pairs set: contains 0 tuples
         none_are_pairs set: contains 0 tuples
         indecomposable set: contains 0 tuples
decomposable & no pairs set: contains 0 tuples
     exceptional_cycles set: contains 0 tuples

Print V set (contains 2024 tuples): {
(3, 8, 9, 40, 41, 46)
(7, 8, 19, 30, 41, 42)
(7, 9, 10, 39, 40, 42)
(11, 16, 24, 25, 33, 38)
(5, 7, 11, 38, 42, 44)
(5, 8, 9, 40, 41, 44)
(4, 8, 14, 35, 41, 45)
(11, 14, 20, 29, 35, 38)
(12, 19, 23, 26, 30, 37)
(15, 20, 22, 27, 29, 34)
(2, 4, 13, 36, 45, 47)
(4, 10, 13, 36, 39, 45)
(7, 13, 21, 28, 36, 42)
(9, 13, 19, 30, 36, 40)
(3, 5, 17, 32, 44, 46)
(4, 10, 17, 32, 39, 45)
(16, 19, 21, 28, 30, 33)
(1, 6, 24, 25, 43, 48)
(17, 18, 20, 29, 31, 32)
(1, 16, 23, 26, 33, 48)
(4, 12, 17, 32, 37, 45)
(8, 14, 24, 25, 35, 41)
(5, 9, 10, 39, 40, 44)
(7, 16, 20, 29, 33, 42)
(9, 21, 23, 26, 28, 40)
(4, 7, 23, 26, 42, 45)
(3, 13, 14, 35, 36, 46)
(4, 5, 7, 42, 44, 45)
(8, 9, 18, 31, 40, 41)
(4, 15, 22, 27, 34, 45)
(3, 4, 6, 43, 45, 46)
(2, 10, 21, 28, 39, 47)
(7, 17, 21, 28, 32, 42)
(5, 8, 12, 37, 41, 44)
(5, 9, 12, 37, 40, 44)
(1, 2, 20, 29, 47, 48)
(1, 10, 20, 29, 39, 48)
(7, 9, 17, 32, 40, 42)
(1, 8, 12, 37, 41, 48)
(2, 3, 21, 28, 46, 47)
(4, 12, 13, 36, 37, 45)
(9, 17, 24, 25, 32, 40)
(5, 8, 22, 27, 41, 44)
(3, 9, 24, 25, 40, 46)
(8, 9, 14, 35, 40, 41)
(7, 9, 20, 29, 40, 42)
(2, 7, 19, 30, 42, 47)
(9, 14, 24, 25, 35, 40)
(2, 8, 23, 26, 41, 47)
(5, 6, 14, 35, 43, 44)
(9, 19, 23, 26, 30, 40)
(1, 9, 19, 30, 40, 48)
(3, 4, 17, 32, 45, 46)
(6, 13, 19, 30, 36, 43)
(1, 3, 22, 27, 46, 48)
(9, 14, 21, 28, 35, 40)
(8, 14, 17, 32, 35, 41)
(3, 11, 15, 34, 38, 46)
(2, 9, 14, 35, 40, 47)
(2, 4, 20, 29, 45, 47)
(4, 8, 17, 32, 41, 45)
(16, 20, 23, 26, 29, 33)
(6, 17, 24, 25, 32, 43)
(10, 14, 15, 34, 35, 39)
(10, 12, 18, 31, 37, 39)
(6, 12, 23, 26, 37, 43)
(4, 10, 12, 37, 39, 45)
(5, 20, 21, 28, 29, 44)
(12, 21, 22, 27, 28, 37)
(1, 6, 16, 33, 43, 48)
(13, 15, 24, 25, 34, 36)
(13, 16, 22, 27, 33, 36)
(8, 18, 19, 30, 31, 41)
(1, 2, 3, 46, 47, 48)
(2, 20, 23, 26, 29, 47)
(12, 16, 18, 31, 33, 37)
(13, 15, 21, 28, 34, 36)
(19, 20, 23, 26, 29, 30)
(1, 6, 12, 37, 43, 48)
(17, 23, 24, 25, 26, 32)
(6, 20, 21, 28, 29, 43)
(8, 15, 19, 30, 34, 41)
(8, 20, 22, 27, 29, 41)
(14, 15, 16, 33, 34, 35)
(4, 9, 23, 26, 40, 45)
(17, 19, 20, 29, 30, 32)
(4, 20, 21, 28, 29, 45)
(6, 13, 22, 27, 36, 43)
(3, 4, 7, 42, 45, 46)
(8, 13, 23, 26, 36, 41)
(1, 10, 13, 36, 39, 48)
(2, 3, 18, 31, 46, 47)
(4, 6, 18, 31, 43, 45)
(1, 17, 18, 31, 32, 48)
(3, 11, 21, 28, 38, 46)
(9, 13, 14, 35, 36, 40)
(2, 19, 24, 25, 30, 47)
(16, 18, 22, 27, 31, 33)
(4, 9, 11, 38, 40, 45)
(4, 7, 24, 25, 42, 45)
(3, 6, 10, 39, 43, 46)
(4, 11, 16, 33, 38, 45)
(2, 20, 22, 27, 29, 47)
(2, 5, 15, 34, 44, 47)
(3, 16, 22, 27, 33, 46)
(7, 9, 18, 31, 40, 42)
(2, 17, 20, 29, 32, 47)
(1, 4, 11, 38, 45, 48)
(4, 6, 15, 34, 43, 45)
(13, 22, 23, 26, 27, 36)
(5, 14, 16, 33, 35, 44)
(3, 5, 16, 33, 44, 46)
(7, 9, 11, 38, 40, 42)
(4, 14, 16, 33, 35, 45)
(2, 6, 11, 38, 43, 47)
(7, 10, 15, 34, 39, 42)
(5, 13, 23, 26, 36, 44)
(12, 16, 21, 28, 33, 37)
(1, 8, 22, 27, 41, 48)
(7, 20, 24, 25, 29, 42)
(11, 18, 24, 25, 31, 38)
(2, 4, 14, 35, 45, 47)
(8, 15, 21, 28, 34, 41)
(6, 12, 19, 30, 37, 43)
(2, 7, 22, 27, 42, 47)
(1, 10, 23, 26, 39, 48)
(13, 17, 18, 31, 32, 36)
(1, 2, 4, 45, 47, 48)
(9, 10, 12, 37, 39, 40)
(12, 18, 22, 27, 31, 37)
(15, 19, 21, 28, 30, 34)
(15, 19, 22, 27, 30, 34)
(8, 10, 11, 38, 39, 41)
(7, 15, 20, 29, 34, 42)
(2, 11, 20, 29, 38, 47)
(1, 11, 13, 36, 38, 48)
(9, 10, 21, 28, 39, 40)
(1, 9, 16, 33, 40, 48)
(6, 7, 15, 34, 42, 43)
(5, 13, 15, 34, 36, 44)
(10, 15, 18, 31, 34, 39)
(3, 13, 23, 26, 36, 46)
(6, 20, 22, 27, 29, 43)
(2, 11, 23, 26, 38, 47)
(5, 14, 22, 27, 35, 44)
(7, 13, 15, 34, 36, 42)
(6, 15, 22, 27, 34, 43)
(1, 20, 24, 25, 29, 48)
(13, 18, 21, 28, 31, 36)
(6, 7, 19, 30, 42, 43)
(12, 14, 15, 34, 35, 37)
(1, 13, 20, 29, 36, 48)
(12, 16, 19, 30, 33, 37)
(3, 4, 11, 38, 45, 46)
(18, 21, 22, 27, 28, 31)
(2, 12, 16, 33, 37, 47)
(2, 17, 22, 27, 32, 47)
(9, 15, 24, 25, 34, 40)
(6, 14, 23, 26, 35, 43)
(5, 6, 16, 33, 43, 44)
(8, 12, 22, 27, 37, 41)
(10, 14, 16, 33, 35, 39)
(5, 11, 21, 28, 38, 44)
(2, 14, 15, 34, 35, 47)
(6, 13, 21, 28, 36, 43)
(11, 20, 24, 25, 29, 38)
(8, 19, 20, 29, 30, 41)
(11, 16, 23, 26, 33, 38)
(10, 13, 15, 34, 36, 39)
(16, 22, 24, 25, 27, 33)
(5, 20, 24, 25, 29, 44)
(7, 10, 16, 33, 39, 42)
(3, 12, 22, 27, 37, 46)
(4, 17, 18, 31, 32, 45)
(1, 5, 11, 38, 44, 48)
(3, 21, 23, 26, 28, 46)
(6, 7, 14, 35, 42, 43)
(10, 17, 24, 25, 32, 39)
(11, 16, 17, 32, 33, 38)
(1, 4, 9, 40, 45, 48)
(14, 19, 24, 25, 30, 35)
(1, 6, 19, 30, 43, 48)
(5, 12, 17, 32, 37, 44)
(8, 15, 24, 25, 34, 41)
(6, 13, 17, 32, 36, 43)
(15, 17, 22, 27, 32, 34)
(5, 12, 19, 30, 37, 44)
(11, 13, 14, 35, 36, 38)
(5, 9, 23, 26, 40, 44)
(14, 16, 21, 28, 33, 35)
(1, 6, 13, 36, 43, 48)
(8, 10, 19, 30, 39, 41)
(5, 13, 18, 31, 36, 44)
(10, 11, 20, 29, 38, 39)
(7, 14, 15, 34, 35, 42)
(2, 9, 17, 32, 40, 47)
(1, 3, 5, 44, 46, 48)
(2, 8, 22, 27, 41, 47)
(4, 21, 24, 25, 28, 45)
(17, 18, 24, 25, 31, 32)
(6, 10, 24, 25, 39, 43)
(2, 6, 19, 30, 43, 47)
(5, 9, 24, 25, 40, 44)
(6, 18, 19, 30, 31, 43)
(11, 14, 22, 27, 35, 38)
(13, 17, 21, 28, 32, 36)
(17, 21, 23, 26, 28, 32)
(1, 11, 20, 29, 38, 48)
(3, 5, 9, 40, 44, 46)
(1, 4, 8, 41, 45, 48)
(1, 3, 9, 40, 46, 48)
(3, 6, 16, 33, 43, 46)
(3, 16, 23, 26, 33, 46)
(5, 21, 24, 25, 28, 44)
(11, 19, 22, 27, 30, 38)
(1, 17, 23, 26, 32, 48)
(6, 11, 15, 34, 38, 43)
(6, 11, 24, 25, 38, 43)
(6, 12, 18, 31, 37, 43)
(4, 11, 22, 27, 38, 45)
(1, 13, 14, 35, 36, 48)
(5, 15, 17, 32, 34, 44)
(2, 4, 18, 31, 45, 47)
(2, 13, 19, 30, 36, 47)
(12, 18, 21, 28, 31, 37)
(6, 14, 22, 27, 35, 43)
(3, 9, 21, 28, 40, 46)
(3, 14, 21, 28, 35, 46)
(5, 20, 23, 26, 29, 44)
(10, 19, 22, 27, 30, 39)
(7, 17, 18, 31, 32, 42)
(5, 10, 11, 38, 39, 44)
(9, 15, 21, 28, 34, 40)
(1, 15, 17, 32, 34, 48)
(2, 3, 6, 43, 46, 47)
(6, 14, 15, 34, 35, 43)
(1, 17, 22, 27, 32, 48)
(8, 11, 21, 28, 38, 41)
(16, 20, 24, 25, 29, 33)
(3, 8, 17, 32, 41, 46)
(7, 16, 22, 27, 33, 42)
(11, 13, 19, 30, 36, 38)
(4, 13, 19, 30, 36, 45)
(4, 11, 18, 31, 38, 45)
(4, 5, 16, 33, 44, 45)
(4, 12, 16, 33, 37, 45)
(5, 10, 18, 31, 39, 44)
(2, 12, 15, 34, 37, 47)
(4, 7, 19, 30, 42, 45)
(2, 5, 23, 26, 44, 47)
(11, 12, 15, 34, 37, 38)
(9, 18, 24, 25, 31, 40)
(12, 13, 21, 28, 36, 37)
(10, 20, 24, 25, 29, 39)
(7, 12, 14, 35, 37, 42)
(9, 10, 18, 31, 39, 40)
(18, 21, 24, 25, 28, 31)
(8, 9, 24, 25, 40, 41)
(8, 10, 13, 36, 39, 41)
(1, 4, 19, 30, 45, 48)
(7, 13, 17, 32, 36, 42)
(5, 15, 18, 31, 34, 44)
(7, 19, 23, 26, 30, 42)
(7, 9, 24, 25, 40, 42)
(1, 8, 18, 31, 41, 48)
(12, 16, 23, 26, 33, 37)
(2, 17, 18, 31, 32, 47)
(3, 9, 17, 32, 40, 46)
(2, 8, 10, 39, 41, 47)
(4, 11, 15, 34, 38, 45)
(5, 8, 24, 25, 41, 44)
(3, 5, 14, 35, 44, 46)
(6, 20, 24, 25, 29, 43)
(10, 13, 21, 28, 36, 39)
(4, 9, 13, 36, 40, 45)
(7, 11, 18, 31, 38, 42)
(9, 14, 15, 34, 35, 40)
(3, 7, 24, 25, 42, 46)
(8, 22, 23, 26, 27, 41)
(9, 15, 19, 30, 34, 40)
(12, 15, 17, 32, 34, 37)
(10, 15, 22, 27, 34, 39)
(13, 20, 23, 26, 29, 36)
(8, 14, 15, 34, 35, 41)
(1, 13, 15, 34, 36, 48)
(19, 20, 21, 28, 29, 30)
(5, 11, 18, 31, 38, 44)
(15, 16, 24, 25, 33, 34)
(17, 22, 24, 25, 27, 32)
(6, 18, 21, 28, 31, 43)
(5, 10, 12, 37, 39, 44)
(1, 12, 18, 31, 37, 48)
(2, 9, 13, 36, 40, 47)
(3, 8, 10, 39, 41, 46)
(9, 11, 16, 33, 38, 40)
(16, 17, 19, 30, 32, 33)
(5, 9, 16, 33, 40, 44)
(7, 17, 19, 30, 32, 42)
(17, 19, 23, 26, 30, 32)
(8, 20, 21, 28, 29, 41)
(9, 11, 12, 37, 38, 40)
(11, 14, 16, 33, 35, 38)
(20, 21, 23, 26, 28, 29)
(3, 13, 20, 29, 36, 46)
(8, 12, 20, 29, 37, 41)
(12, 18, 24, 25, 31, 37)
(3, 4, 23, 26, 45, 46)
(7, 22, 24, 25, 27, 42)
(11, 17, 22, 27, 32, 38)
(4, 8, 9, 40, 41, 45)
(5, 12, 21, 28, 37, 44)
(7, 12, 20, 29, 37, 42)
(1, 11, 24, 25, 38, 48)
(6, 15, 16, 33, 34, 43)
(8, 13, 16, 33, 36, 41)
(8, 9, 13, 36, 40, 41)
(8, 10, 14, 35, 39, 41)
(13, 15, 23, 26, 34, 36)
(1, 15, 24, 25, 34, 48)
(9, 10, 20, 29, 39, 40)
(13, 15, 20, 29, 34, 36)
(12, 15, 16, 33, 34, 37)
(14, 20, 24, 25, 29, 35)
(1, 2, 9, 40, 47, 48)
(5, 15, 21, 28, 34, 44)
(4, 6, 24, 25, 43, 45)
(7, 15, 21, 28, 34, 42)
(2, 14, 16, 33, 35, 47)
(4, 5, 6, 43, 44, 45)
(5, 19, 21, 28, 30, 44)
(6, 15, 23, 26, 34, 43)
(3, 16, 24, 25, 33, 46)
(2, 7, 18, 31, 42, 47)
(7, 16, 23, 26, 33, 42)
(9, 12, 23, 26, 37, 40)
(14, 17, 21, 28, 32, 35)
(17, 22, 23, 26, 27, 32)
(1, 7, 9, 40, 42, 48)
(16, 17, 18, 31, 32, 33)
(2, 8, 15, 34, 41, 47)
(11, 18, 22, 27, 31, 38)
(9, 17, 20, 29, 32, 40)
(5, 6, 13, 36, 43, 44)
(2, 7, 16, 33, 42, 47)
(6, 21, 24, 25, 28, 43)
(14, 15, 18, 31, 34, 35)
(7, 18, 23, 26, 31, 42)
(2, 8, 13, 36, 41, 47)
(6, 14, 20, 29, 35, 43)
(11, 17, 24, 25, 32, 38)
(10, 18, 19, 30, 31, 39)
(3, 9, 18, 31, 40, 46)
(4, 13, 15, 34, 36, 45)
(6, 11, 12, 37, 38, 43)
(12, 15, 19, 30, 34, 37)
(8, 10, 20, 29, 39, 41)
(9, 19, 21, 28, 30, 40)
(4, 8, 18, 31, 41, 45)
(4, 9, 15, 34, 40, 45)
(5, 12, 14, 35, 37, 44)
(2, 4, 12, 37, 45, 47)
(2, 4, 7, 42, 45, 47)
(16, 18, 19, 30, 31, 33)
(11, 13, 24, 25, 36, 38)
(3, 5, 19, 30, 44, 46)
(9, 12, 19, 30, 37, 40)
(9, 10, 23, 26, 39, 40)
(10, 11, 24, 25, 38, 39)
(7, 13, 16, 33, 36, 42)
(3, 18, 21, 28, 31, 46)
(5, 15, 22, 27, 34, 44)
(13, 16, 21, 28, 33, 36)
(7, 8, 23, 26, 41, 42)
(9, 17, 18, 31, 32, 40)
(4, 8, 23, 26, 41, 45)
(9, 10, 17, 32, 39, 40)
(2, 4, 23, 26, 45, 47)
(5, 13, 17, 32, 36, 44)
(8, 12, 15, 34, 37, 41)
(2, 3, 13, 36, 46, 47)
(11, 16, 22, 27, 33, 38)
(3, 14, 15, 34, 35, 46)
(4, 10, 23, 26, 39, 45)
(4, 7, 8, 41, 42, 45)
(5, 12, 13, 36, 37, 44)
(7, 12, 23, 26, 37, 42)
(2, 5, 18, 31, 44, 47)
(5, 11, 22, 27, 38, 44)
(2, 9, 11, 38, 40, 47)
(6, 13, 15, 34, 36, 43)
(5, 7, 20, 29, 42, 44)
(1, 4, 17, 32, 45, 48)
(4, 5, 14, 35, 44, 45)
(6, 13, 16, 33, 36, 43)
(4, 7, 20, 29, 42, 45)
(4, 18, 20, 29, 31, 45)
(1, 2, 7, 42, 47, 48)
(2, 5, 17, 32, 44, 47)
(2, 6, 21, 28, 43, 47)
(13, 19, 23, 26, 30, 36)
(19, 20, 22, 27, 29, 30)
(1, 7, 12, 37, 42, 48)
(4, 9, 12, 37, 40, 45)
(1, 9, 23, 26, 40, 48)
(2, 11, 17, 32, 38, 47)
(10, 15, 19, 30, 34, 39)
(6, 16, 18, 31, 33, 43)
(13, 15, 16, 33, 34, 36)
(1, 11, 18, 31, 38, 48)
(11, 12, 24, 25, 37, 38)
(6, 9, 20, 29, 40, 43)
(5, 10, 16, 33, 39, 44)
(2, 5, 11, 38, 44, 47)
(13, 19, 21, 28, 30, 36)
(11, 20, 22, 27, 29, 38)
(8, 22, 24, 25, 27, 41)
(11, 12, 23, 26, 37, 38)
(8, 9, 21, 28, 40, 41)
(2, 11, 15, 34, 38, 47)
(8, 9, 16, 33, 40, 41)
(2, 7, 21, 28, 42, 47)
(8, 14, 23, 26, 35, 41)
(6, 19, 20, 29, 30, 43)
(4, 14, 18, 31, 35, 45)
(9, 11, 13, 36, 38, 40)
(3, 13, 19, 30, 36, 46)
(1, 7, 16, 33, 42, 48)
(5, 9, 14, 35, 40, 44)
(2, 17, 21, 28, 32, 47)
(6, 12, 13, 36, 37, 43)
(8, 11, 13, 36, 38, 41)
(13, 18, 20, 29, 31, 36)
(1, 3, 4, 45, 46, 48)
(8, 12, 18, 31, 37, 41)
(5, 17, 18, 31, 32, 44)
(1, 10, 22, 27, 39, 48)
(2, 18, 22, 27, 31, 47)
(4, 10, 18, 31, 39, 45)
(8, 14, 20, 29, 35, 41)
(1, 8, 17, 32, 41, 48)
(4, 5, 9, 40, 44, 45)
(1, 13, 23, 26, 36, 48)
(7, 18, 20, 29, 31, 42)
(5, 9, 21, 28, 40, 44)
(9, 12, 15, 34, 37, 40)
(12, 21, 24, 25, 28, 37)
(4, 10, 14, 35, 39, 45)
(13, 21, 22, 27, 28, 36)
(2, 3, 12, 37, 46, 47)
(15, 17, 18, 31, 32, 34)
(15, 17, 20, 29, 32, 34)
(8, 17, 19, 30, 32, 41)
(10, 13, 16, 33, 36, 39)
(2, 4, 10, 39, 45, 47)
(6, 12, 24, 25, 37, 43)
(10, 19, 20, 29, 30, 39)
(3, 10, 22, 27, 39, 46)
(4, 14, 22, 27, 35, 45)
(7, 14, 20, 29, 35, 42)
(1, 8, 19, 30, 41, 48)
(1, 4, 16, 33, 45, 48)
(2, 3, 9, 40, 46, 47)
(6, 9, 23, 26, 40, 43)
(2, 12, 22, 27, 37, 47)
(18, 20, 23, 26, 29, 31)
(7, 10, 12, 37, 39, 42)
(1, 9, 21, 28, 40, 48)
(3, 15, 24, 25, 34, 46)
(17, 18, 23, 26, 31, 32)
(1, 17, 19, 30, 32, 48)
(4, 7, 17, 32, 42, 45)
(15, 16, 19, 30, 33, 34)
(3, 4, 12, 37, 45, 46)
(1, 15, 20, 29, 34, 48)
(5, 9, 18, 31, 40, 44)
(14, 17, 18, 31, 32, 35)
(10, 11, 23, 26, 38, 39)
(16, 17, 23, 26, 32, 33)
(5, 7, 13, 36, 42, 44)
(7, 22, 23, 26, 27, 42)
(11, 15, 16, 33, 34, 38)
(4, 7, 13, 36, 42, 45)
(6, 8, 10, 39, 41, 43)
(10, 17, 22, 27, 32, 39)
(8, 12, 13, 36, 37, 41)
(1, 8, 15, 34, 41, 48)
(15, 22, 24, 25, 27, 34)
(11, 13, 18, 31, 36, 38)
(3, 4, 9, 40, 45, 46)
(3, 6, 13, 36, 43, 46)
(3, 14, 19, 30, 35, 46)
(2, 13, 18, 31, 36, 47)
(3, 5, 10, 39, 44, 46)
(2, 4, 11, 38, 45, 47)
(8, 11, 18, 31, 38, 41)
(14, 18, 19, 30, 31, 35)
(1, 18, 19, 30, 31, 48)
(11, 12, 20, 29, 37, 38)
(1, 12, 22, 27, 37, 48)
(7, 19, 24, 25, 30, 42)
(2, 3, 14, 35, 46, 47)
(1, 6, 21, 28, 43, 48)
(5, 10, 22, 27, 39, 44)
(19, 23, 24, 25, 26, 30)
(3, 11, 22, 27, 38, 46)
(3, 4, 14, 35, 45, 46)
(3, 15, 23, 26, 34, 46)
(1, 2, 5, 44, 47, 48)
(7, 8, 16, 33, 41, 42)
(4, 15, 18, 31, 34, 45)
(8, 9, 10, 39, 40, 41)
(10, 14, 23, 26, 35, 39)
(11, 12, 18, 31, 37, 38)
(1, 4, 18, 31, 45, 48)
(4, 11, 20, 29, 38, 45)
(3, 7, 14, 35, 42, 46)
(5, 8, 10, 39, 41, 44)
(18, 23, 24, 25, 26, 31)
(6, 16, 22, 27, 33, 43)
(7, 9, 12, 37, 40, 42)
(2, 14, 23, 26, 35, 47)
(2, 12, 13, 36, 37, 47)
(4, 16, 18, 31, 33, 45)
(1, 21, 22, 27, 28, 48)
(2, 15, 17, 32, 34, 47)
(3, 19, 20, 29, 30, 46)
(2, 3, 24, 25, 46, 47)
(1, 7, 13, 36, 42, 48)
(8, 15, 17, 32, 34, 41)
(2, 13, 24, 25, 36, 47)
(15, 20, 23, 26, 29, 34)
(7, 8, 14, 35, 41, 42)
(9, 16, 23, 26, 33, 40)
(7, 19, 21, 28, 30, 42)
(18, 22, 24, 25, 27, 31)
(5, 15, 24, 25, 34, 44)
(2, 6, 20, 29, 43, 47)
(3, 19, 24, 25, 30, 46)
(4, 6, 13, 36, 43, 45)
(8, 11, 19, 30, 38, 41)
(18, 21, 23, 26, 28, 31)
(2, 11, 21, 28, 38, 47)
(8, 16, 21, 28, 33, 41)
(3, 10, 18, 31, 39, 46)
(13, 19, 24, 25, 30, 36)
(6, 8, 9, 40, 41, 43)
(6, 17, 18, 31, 32, 43)
(2, 12, 14, 35, 37, 47)
(3, 10, 15, 34, 39, 46)
(3, 6, 7, 42, 43, 46)
(9, 19, 22, 27, 30, 40)
(15, 21, 22, 27, 28, 34)
(8, 16, 22, 27, 33, 41)
(14, 15, 17, 32, 34, 35)
(9, 12, 17, 32, 37, 40)
(10, 16, 20, 29, 33, 39)
(10, 14, 22, 27, 35, 39)
(2, 10, 11, 38, 39, 47)
(4, 20, 23, 26, 29, 45)
(5, 6, 20, 29, 43, 44)
(13, 18, 24, 25, 31, 36)
(7, 15, 18, 31, 34, 42)
(3, 10, 21, 28, 39, 46)
(6, 14, 19, 30, 35, 43)
(7, 12, 18, 31, 37, 42)
(12, 14, 21, 28, 35, 37)
(5, 7, 12, 37, 42, 44)
(3, 6, 14, 35, 43, 46)
(4, 12, 15, 34, 37, 45)
(6, 7, 16, 33, 42, 43)
(5, 14, 15, 34, 35, 44)
(2, 5, 19, 30, 44, 47)
(14, 19, 22, 27, 30, 35)
(15, 16, 22, 27, 33, 34)
(4, 13, 16, 33, 36, 45)
(7, 17, 23, 26, 32, 42)
(4, 13, 23, 26, 36, 45)
(9, 10, 22, 27, 39, 40)
(8, 20, 23, 26, 29, 41)
(2, 16, 20, 29, 33, 47)
(5, 8, 19, 30, 41, 44)
(3, 20, 23, 26, 29, 46)
(3, 7, 13, 36, 42, 46)
(9, 12, 21, 28, 37, 40)
(2, 21, 23, 26, 28, 47)
(14, 16, 17, 32, 33, 35)
(4, 6, 22, 27, 43, 45)
(5, 11, 14, 35, 38, 44)
(1, 4, 5, 44, 45, 48)
(11, 18, 20, 29, 31, 38)
(2, 9, 15, 34, 40, 47)
(14, 19, 20, 29, 30, 35)
(3, 14, 16, 33, 35, 46)
(4, 9, 20, 29, 40, 45)
(6, 9, 14, 35, 40, 43)
(12, 14, 23, 26, 35, 37)
(4, 17, 20, 29, 32, 45)
(7, 8, 9, 40, 41, 42)
(10, 11, 13, 36, 38, 39)
(1, 13, 19, 30, 36, 48)
(3, 6, 19, 30, 43, 46)
(11, 14, 19, 30, 35, 38)
(7, 20, 23, 26, 29, 42)
(1, 5, 12, 37, 44, 48)
(1, 16, 19, 30, 33, 48)
(1, 3, 7, 42, 46, 48)
(1, 5, 16, 33, 44, 48)
(7, 13, 20, 29, 36, 42)
(3, 4, 16, 33, 45, 46)
(4, 12, 19, 30, 37, 45)
(1, 4, 21, 28, 45, 48)
(1, 13, 16, 33, 36, 48)
(5, 8, 21, 28, 41, 44)
(7, 14, 18, 31, 35, 42)
(4, 16, 21, 28, 33, 45)
(17, 19, 21, 28, 30, 32)
(5, 11, 12, 37, 38, 44)
(4, 7, 9, 40, 42, 45)
(6, 18, 24, 25, 31, 43)
(3, 10, 16, 33, 39, 46)
(4, 8, 19, 30, 41, 45)
(4, 9, 19, 30, 40, 45)
(5, 10, 20, 29, 39, 44)
(2, 14, 21, 28, 35, 47)
(8, 9, 15, 34, 40, 41)
(9, 11, 14, 35, 38, 40)
(12, 19, 20, 29, 30, 37)
(1, 2, 16, 33, 47, 48)
(13, 14, 23, 26, 35, 36)
(9, 19, 20, 29, 30, 40)
(16, 18, 20, 29, 31, 33)
(8, 16, 24, 25, 33, 41)
(1, 7, 19, 30, 42, 48)
(6, 9, 15, 34, 40, 43)
(7, 9, 14, 35, 40, 42)
(12, 14, 22, 27, 35, 37)
(16, 21, 24, 25, 28, 33)
(6, 10, 13, 36, 39, 43)
(9, 18, 19, 30, 31, 40)
(10, 11, 22, 27, 38, 39)
(14, 17, 24, 25, 32, 35)
(5, 15, 20, 29, 34, 44)
(6, 10, 11, 38, 39, 43)
(1, 12, 13, 36, 37, 48)
(6, 8, 17, 32, 41, 43)
(3, 11, 16, 33, 38, 46)
(4, 9, 24, 25, 40, 45)
(16, 17, 22, 27, 32, 33)
(10, 11, 21, 28, 38, 39)
(6, 9, 24, 25, 40, 43)
(4, 11, 13, 36, 38, 45)
(1, 5, 23, 26, 44, 48)
(9, 10, 15, 34, 39, 40)
(1, 9, 20, 29, 40, 48)
(10, 14, 18, 31, 35, 39)
(2, 4, 17, 32, 45, 47)
(7, 12, 15, 34, 37, 42)
(4, 15, 17, 32, 34, 45)
(7, 10, 19, 30, 39, 42)
(11, 21, 22, 27, 28, 38)
(3, 9, 15, 34, 40, 46)
(8, 12, 23, 26, 37, 41)
(15, 16, 23, 26, 33, 34)
(15, 18, 20, 29, 31, 34)
(3, 7, 16, 33, 42, 46)
(5, 10, 24, 25, 39, 44)
(8, 21, 24, 25, 28, 41)
(1, 19, 21, 28, 30, 48)
(10, 19, 23, 26, 30, 39)
(6, 14, 16, 33, 35, 43)
(2, 4, 8, 41, 45, 47)
(1, 21, 23, 26, 28, 48)
(5, 6, 7, 42, 43, 44)
(2, 4, 6, 43, 45, 47)
(9, 23, 24, 25, 26, 40)
(12, 22, 24, 25, 27, 37)
(6, 18, 22, 27, 31, 43)
(7, 14, 22, 27, 35, 42)
(15, 19, 24, 25, 30, 34)
(1, 9, 12, 37, 40, 48)
(10, 11, 17, 32, 38, 39)
(10, 18, 23, 26, 31, 39)
(3, 5, 15, 34, 44, 46)
(10, 14, 21, 28, 35, 39)
(16, 21, 23, 26, 28, 33)
(9, 16, 17, 32, 33, 40)
(10, 13, 24, 25, 36, 39)
(10, 17, 21, 28, 32, 39)
(7, 8, 12, 37, 41, 42)
(4, 5, 17, 32, 44, 45)
(14, 16, 19, 30, 33, 35)
(1, 13, 22, 27, 36, 48)
(1, 3, 23, 26, 46, 48)
(2, 15, 21, 28, 34, 47)
(5, 10, 19, 30, 39, 44)
(3, 6, 8, 41, 43, 46)
(2, 4, 21, 28, 45, 47)
(7, 11, 21, 28, 38, 42)
(9, 18, 23, 26, 31, 40)
(12, 13, 17, 32, 36, 37)
(3, 6, 18, 31, 43, 46)
(3, 15, 20, 29, 34, 46)
(2, 5, 20, 29, 44, 47)
(5, 7, 8, 41, 42, 44)
(14, 21, 23, 26, 28, 35)
(5, 7, 14, 35, 42, 44)
(6, 19, 24, 25, 30, 43)
(1, 12, 14, 35, 37, 48)
(1, 10, 11, 38, 39, 48)
(4, 6, 9, 40, 43, 45)
(5, 17, 22, 27, 32, 44)
(9, 10, 11, 38, 39, 40)
(14, 15, 22, 27, 34, 35)
(1, 4, 10, 39, 45, 48)
(9, 14, 22, 27, 35, 40)
(1, 17, 20, 29, 32, 48)
(12, 13, 15, 34, 36, 37)
(3, 19, 23, 26, 30, 46)
(19, 22, 24, 25, 27, 30)
(8, 21, 23, 26, 28, 41)
(6, 7, 20, 29, 42, 43)
(18, 19, 21, 28, 30, 31)
(2, 5, 22, 27, 44, 47)
(4, 17, 24, 25, 32, 45)
(14, 16, 20, 29, 33, 35)
(5, 13, 24, 25, 36, 44)
(2, 7, 24, 25, 42, 47)
(3, 6, 17, 32, 43, 46)
(2, 7, 17, 32, 42, 47)
(3, 12, 16, 33, 37, 46)
(3, 5, 6, 43, 44, 46)
(6, 8, 19, 30, 41, 43)
(2, 5, 9, 40, 44, 47)
(14, 18, 23, 26, 31, 35)
(16, 23, 24, 25, 26, 33)
(4, 9, 22, 27, 40, 45)
(1, 2, 11, 38, 47, 48)
(3, 13, 15, 34, 36, 46)
(3, 8, 22, 27, 41, 46)
(5, 6, 18, 31, 43, 44)
(2, 4, 15, 34, 45, 47)
(1, 15, 18, 31, 34, 48)
(1, 8, 14, 35, 41, 48)
(10, 12, 19, 30, 37, 39)
(5, 21, 23, 26, 28, 44)
(2, 6, 18, 31, 43, 47)
(9, 10, 19, 30, 39, 40)
(14, 19, 23, 26, 30, 35)
(19, 22, 23, 26, 27, 30)
(7, 12, 16, 33, 37, 42)
(10, 11, 14, 35, 38, 39)
(3, 12, 19, 30, 37, 46)
(1, 7, 22, 27, 42, 48)
(7, 14, 16, 33, 35, 42)
(2, 3, 19, 30, 46, 47)
(5, 8, 18, 31, 41, 44)
(6, 8, 11, 38, 41, 43)
(5, 6, 10, 39, 43, 44)
(1, 8, 9, 40, 41, 48)
(11, 14, 15, 34, 35, 38)
(1, 6, 8, 41, 43, 48)
(6, 11, 21, 28, 38, 43)
(12, 14, 19, 30, 35, 37)
(3, 17, 19, 30, 32, 46)
(9, 15, 23, 26, 34, 40)
(6, 12, 22, 27, 37, 43)
(3, 10, 12, 37, 39, 46)
(7, 10, 14, 35, 39, 42)
(9, 11, 18, 31, 38, 40)
(10, 13, 14, 35, 36, 39)
(3, 14, 24, 25, 35, 46)
(8, 23, 24, 25, 26, 41)
(9, 11, 15, 34, 38, 40)
(15, 18, 23, 26, 31, 34)
(7, 14, 19, 30, 35, 42)
(12, 15, 18, 31, 34, 37)
(2, 4, 9, 40, 45, 47)
(3, 11, 18, 31, 38, 46)
(1, 20, 22, 27, 29, 48)
(12, 13, 18, 31, 36, 37)
(2, 12, 18, 31, 37, 47)
(2, 3, 17, 32, 46, 47)
(4, 10, 20, 29, 39, 45)
(6, 12, 21, 28, 37, 43)
(6, 8, 23, 26, 41, 43)
(5, 16, 23, 26, 33, 44)
(10, 15, 23, 26, 34, 39)
(8, 11, 17, 32, 38, 41)
(12, 16, 20, 29, 33, 37)
(5, 7, 9, 40, 42, 44)
(6, 11, 17, 32, 38, 43)
(4, 5, 22, 27, 44, 45)
(6, 10, 15, 34, 39, 43)
(1, 6, 22, 27, 43, 48)
(12, 18, 23, 26, 31, 37)
(1, 16, 21, 28, 33, 48)
(15, 17, 24, 25, 32, 34)
(8, 18, 21, 28, 31, 41)
(3, 4, 24, 25, 45, 46)
(10, 18, 21, 28, 31, 39)
(8, 11, 20, 29, 38, 41)
(2, 10, 19, 30, 39, 47)
(7, 9, 16, 33, 40, 42)
(1, 8, 11, 38, 41, 48)
(4, 14, 20, 29, 35, 45)
(12, 18, 19, 30, 31, 37)
(9, 15, 20, 29, 34, 40)
(11, 18, 19, 30, 31, 38)
(3, 15, 16, 33, 34, 46)
(4, 8, 20, 29, 41, 45)
(4, 7, 21, 28, 42, 45)
(5, 11, 15, 34, 38, 44)
(9, 11, 23, 26, 38, 40)
(8, 11, 22, 27, 38, 41)
(5, 10, 23, 26, 39, 44)
(19, 21, 24, 25, 28, 30)
(6, 12, 14, 35, 37, 43)
(6, 20, 23, 26, 29, 43)
(1, 7, 17, 32, 42, 48)
(2, 14, 17, 32, 35, 47)
(6, 8, 22, 27, 41, 43)
(2, 14, 18, 31, 35, 47)
(4, 6, 23, 26, 43, 45)
(6, 9, 19, 30, 40, 43)
(7, 16, 18, 31, 33, 42)
(14, 20, 23, 26, 29, 35)
(2, 12, 17, 32, 37, 47)
(8, 17, 23, 26, 32, 41)
(10, 11, 19, 30, 38, 39)
(1, 9, 24, 25, 40, 48)
(1, 6, 9, 40, 43, 48)
(6, 14, 18, 31, 35, 43)
(1, 9, 14, 35, 40, 48)
(2, 5, 7, 42, 44, 47)
(4, 7, 15, 34, 42, 45)
(8, 19, 21, 28, 30, 41)
(9, 14, 19, 30, 35, 40)
(2, 8, 11, 38, 41, 47)
(14, 15, 23, 26, 34, 35)
(11, 19, 21, 28, 30, 38)
(3, 22, 23, 26, 27, 46)
(3, 16, 20, 29, 33, 46)
(4, 11, 12, 37, 38, 45)
(10, 15, 21, 28, 34, 39)
(4, 7, 18, 31, 42, 45)
(6, 8, 20, 29, 41, 43)
(2, 10, 15, 34, 39, 47)
(8, 10, 23, 26, 39, 41)
(1, 3, 21, 28, 46, 48)
(3, 4, 5, 44, 45, 46)
(4, 6, 17, 32, 43, 45)
(3, 17, 18, 31, 32, 46)
(9, 12, 22, 27, 37, 40)
(3, 8, 21, 28, 41, 46)
(6, 9, 16, 33, 40, 43)
(10, 13, 22, 27, 36, 39)
(9, 10, 16, 33, 39, 40)
(5, 14, 20, 29, 35, 44)
(11, 15, 20, 29, 34, 38)
(1, 11, 14, 35, 38, 48)
(7, 15, 16, 33, 34, 42)
(10, 12, 22, 27, 37, 39)
(4, 8, 16, 33, 41, 45)
(5, 17, 20, 29, 32, 44)
(2, 7, 23, 26, 42, 47)
(1, 3, 10, 39, 46, 48)
(3, 12, 14, 35, 37, 46)
(6, 8, 21, 28, 41, 43)
(2, 5, 24, 25, 44, 47)
(1, 4, 14, 35, 45, 48)
(9, 11, 21, 28, 38, 40)
(4, 13, 17, 32, 36, 45)
(1, 5, 9, 40, 44, 48)
(12, 13, 14, 35, 36, 37)
(16, 18, 24, 25, 31, 33)
(1, 10, 12, 37, 39, 48)
(6, 10, 12, 37, 39, 43)
(7, 13, 19, 30, 36, 42)
(7, 15, 19, 30, 34, 42)
(1, 4, 13, 36, 45, 48)
(6, 12, 16, 33, 37, 43)
(1, 18, 21, 28, 31, 48)
(9, 11, 22, 27, 38, 40)
(8, 19, 23, 26, 30, 41)
(7, 8, 22, 27, 41, 42)
(4, 7, 12, 37, 42, 45)
(5, 8, 23, 26, 41, 44)
(1, 2, 24, 25, 47, 48)
(2, 9, 10, 39, 40, 47)
(3, 8, 24, 25, 41, 46)
(12, 19, 21, 28, 30, 37)
(7, 12, 19, 30, 37, 42)
(8, 12, 14, 35, 37, 41)
(3, 13, 17, 32, 36, 46)
(10, 12, 17, 32, 37, 39)
(7, 20, 21, 28, 29, 42)
(4, 6, 8, 41, 43, 45)
(11, 12, 16, 33, 37, 38)
(2, 3, 16, 33, 46, 47)
(2, 13, 17, 32, 36, 47)
(2, 11, 19, 30, 38, 47)
(7, 8, 17, 32, 41, 42)
(12, 20, 24, 25, 29, 37)
(3, 4, 13, 36, 45, 46)
(1, 18, 22, 27, 31, 48)
(2, 6, 14, 35, 43, 47)
(16, 20, 22, 27, 29, 33)
(1, 12, 21, 28, 37, 48)
(13, 20, 22, 27, 29, 36)
(7, 10, 17, 32, 39, 42)
(5, 18, 20, 29, 31, 44)
(2, 7, 13, 36, 42, 47)
(2, 19, 22, 27, 30, 47)
(7, 14, 23, 26, 35, 42)
(7, 15, 23, 26, 34, 42)
(2, 10, 18, 31, 39, 47)
(4, 14, 17, 32, 35, 45)
(1, 2, 14, 35, 47, 48)
(2, 21, 24, 25, 28, 47)
(7, 9, 23, 26, 40, 42)
(11, 14, 23, 26, 35, 38)
(1, 3, 11, 38, 46, 48)
(20, 21, 22, 27, 28, 29)
(10, 11, 16, 33, 38, 39)
(2, 9, 23, 26, 40, 47)
(1, 11, 21, 28, 38, 48)
(6, 9, 12, 37, 40, 43)
(7, 13, 23, 26, 36, 42)
(10, 17, 19, 30, 32, 39)
(12, 15, 23, 26, 34, 37)
(13, 14, 19, 30, 35, 36)
(1, 14, 15, 34, 35, 48)
(4, 18, 24, 25, 31, 45)
(6, 21, 23, 26, 28, 43)
(2, 18, 20, 29, 31, 47)
(6, 8, 24, 25, 41, 43)
(8, 11, 14, 35, 38, 41)
(1, 3, 15, 34, 46, 48)
(1, 5, 8, 41, 44, 48)
(1, 9, 11, 38, 40, 48)
(3, 7, 20, 29, 42, 46)
(4, 13, 24, 25, 36, 45)
(5, 12, 24, 25, 37, 44)
(19, 21, 23, 26, 28, 30)
(8, 13, 15, 34, 36, 41)
(3, 5, 13, 36, 44, 46)
(9, 22, 23, 26, 27, 40)
(7, 9, 13, 36, 40, 42)
(16, 19, 23, 26, 30, 33)
(3, 6, 9, 40, 43, 46)
(5, 8, 17, 32, 41, 44)
(5, 14, 23, 26, 35, 44)
(7, 13, 18, 31, 36, 42)
(4, 7, 10, 39, 42, 45)
(1, 8, 13, 36, 41, 48)
(4, 13, 18, 31, 36, 45)
(5, 9, 13, 36, 40, 44)
(6, 17, 20, 29, 32, 43)
(4, 9, 17, 32, 40, 45)
(15, 16, 20, 29, 33, 34)
(7, 10, 23, 26, 39, 42)
(8, 10, 21, 28, 39, 41)
(18, 19, 22, 27, 30, 31)
(1, 14, 17, 32, 35, 48)
(4, 5, 21, 28, 44, 45)
(7, 8, 15, 34, 41, 42)
(2, 10, 16, 33, 39, 47)
(3, 4, 20, 29, 45, 46)
(3, 10, 20, 29, 39, 46)
(9, 13, 16, 33, 36, 40)
(9, 13, 23, 26, 36, 40)
(16, 17, 24, 25, 32, 33)
(7, 10, 18, 31, 39, 42)
(2, 23, 24, 25, 26, 47)
(9, 15, 18, 31, 34, 40)
(2, 4, 19, 30, 45, 47)
(4, 16, 17, 32, 33, 45)
(1, 7, 20, 29, 42, 48)
(9, 13, 22, 27, 36, 40)
(5, 16, 18, 31, 33, 44)
(4, 5, 10, 39, 44, 45)
(10, 11, 18, 31, 38, 39)
(12, 20, 22, 27, 29, 37)
(12, 17, 22, 27, 32, 37)
(5, 22, 23, 26, 27, 44)
(4, 17, 21, 28, 32, 45)
(2, 19, 23, 26, 30, 47)
(3, 8, 19, 30, 41, 46)
(6, 9, 10, 39, 40, 43)
(2, 8, 24, 25, 41, 47)
(8, 13, 14, 35, 36, 41)
(12, 14, 17, 32, 35, 37)
(13, 16, 20, 29, 33, 36)
(17, 18, 21, 28, 31, 32)
(9, 15, 22, 27, 34, 40)
(2, 13, 16, 33, 36, 47)
(2, 19, 21, 28, 30, 47)
(9, 14, 23, 26, 35, 40)
(2, 7, 14, 35, 42, 47)
(11, 16, 21, 28, 33, 38)
(6, 10, 21, 28, 39, 43)
(5, 22, 24, 25, 27, 44)
(12, 21, 23, 26, 28, 37)
(1, 10, 17, 32, 39, 48)
(10, 12, 24, 25, 37, 39)
(3, 12, 17, 32, 37, 46)
(11, 15, 22, 27, 34, 38)
(8, 12, 17, 32, 37, 41)
(11, 18, 21, 28, 31, 38)
(4, 7, 14, 35, 42, 45)
(3, 9, 13, 36, 40, 46)
(11, 15, 19, 30, 34, 38)
(10, 12, 15, 34, 37, 39)
(2, 9, 12, 37, 40, 47)
(2, 6, 10, 39, 43, 47)
(6, 7, 13, 36, 42, 43)
(8, 11, 23, 26, 38, 41)
(4, 5, 19, 30, 44, 45)
(10, 20, 21, 28, 29, 39)
(8, 15, 23, 26, 34, 41)
(13, 15, 19, 30, 34, 36)
(6, 15, 19, 30, 34, 43)
(3, 9, 23, 26, 40, 46)
(6, 8, 15, 34, 41, 43)
(4, 12, 24, 25, 37, 45)
(5, 16, 22, 27, 33, 44)
(6, 7, 22, 27, 42, 43)
(5, 8, 11, 38, 41, 44)
(1, 14, 22, 27, 35, 48)
(2, 16, 21, 28, 33, 47)
(7, 14, 17, 32, 35, 42)
(11, 16, 19, 30, 33, 38)
(1, 8, 20, 29, 41, 48)
(15, 20, 24, 25, 29, 34)
(14, 18, 20, 29, 31, 35)
(1, 6, 18, 31, 43, 48)
(2, 13, 23, 26, 36, 47)
(4, 6, 16, 33, 43, 45)
(5, 7, 16, 33, 42, 44)
(2, 9, 20, 29, 40, 47)
(2, 20, 21, 28, 29, 47)
(5, 17, 24, 25, 32, 44)
(8, 18, 22, 27, 31, 41)
(1, 14, 21, 28, 35, 48)
(6, 19, 23, 26, 30, 43)
(3, 7, 11, 38, 42, 46)
(4, 6, 11, 38, 43, 45)
(2, 13, 14, 35, 36, 47)
(4, 6, 19, 30, 43, 45)
(2, 12, 21, 28, 37, 47)
(2, 22, 24, 25, 27, 47)
(7, 17, 22, 27, 32, 42)
(4, 10, 15, 34, 39, 45)
(15, 16, 21, 28, 33, 34)
(3, 18, 23, 26, 31, 46)
(8, 13, 19, 30, 36, 41)
(12, 14, 20, 29, 35, 37)
(1, 4, 24, 25, 45, 48)
(3, 15, 17, 32, 34, 46)
(15, 19, 20, 29, 30, 34)
(3, 4, 18, 31, 45, 46)
(8, 10, 17, 32, 39, 41)
(6, 7, 24, 25, 42, 43)
(1, 3, 24, 25, 46, 48)
(6, 8, 14, 35, 41, 43)
(12, 19, 22, 27, 30, 37)
(4, 10, 11, 38, 39, 45)
(6, 17, 21, 28, 32, 43)
(1, 9, 18, 31, 40, 48)
(10, 17, 23, 26, 32, 39)
(1, 4, 20, 29, 45, 48)
(1, 8, 21, 28, 41, 48)
(9, 12, 20, 29, 37, 40)
(6, 17, 22, 27, 32, 43)
(8, 17, 20, 29, 32, 41)
(5, 17, 23, 26, 32, 44)
(8, 21, 22, 27, 28, 41)
(12, 17, 24, 25, 32, 37)
(10, 14, 20, 29, 35, 39)
(2, 5, 6, 43, 44, 47)
(10, 23, 24, 25, 26, 39)
(8, 13, 20, 29, 36, 41)
(9, 17, 21, 28, 32, 40)
(5, 15, 23, 26, 34, 44)
(13, 16, 24, 25, 33, 36)
(3, 11, 13, 36, 38, 46)
(12, 13, 23, 26, 36, 37)
(2, 15, 19, 30, 34, 47)
(3, 9, 20, 29, 40, 46)
(8, 9, 23, 26, 40, 41)
(13, 14, 16, 33, 35, 36)
(12, 14, 18, 31, 35, 37)
(1, 7, 15, 34, 42, 48)
(3, 21, 22, 27, 28, 46)
(10, 15, 17, 32, 34, 39)
(1, 5, 14, 35, 44, 48)
(6, 7, 8, 41, 42, 43)
(15, 17, 21, 28, 32, 34)
(9, 10, 13, 36, 39, 40)
(6, 13, 18, 31, 36, 43)
(4, 18, 22, 27, 31, 45)
(6, 16, 24, 25, 33, 43)
(7, 16, 24, 25, 33, 42)
(5, 6, 17, 32, 43, 44)
(1, 4, 22, 27, 45, 48)
(2, 14, 19, 30, 35, 47)
(5, 14, 24, 25, 35, 44)
(4, 11, 19, 30, 38, 45)
(9, 12, 13, 36, 37, 40)
(4, 10, 19, 30, 39, 45)
(2, 6, 23, 26, 43, 47)
(4, 20, 24, 25, 29, 45)
(3, 11, 23, 26, 38, 46)
(14, 17, 23, 26, 32, 35)
(14, 18, 21, 28, 31, 35)
(4, 10, 21, 28, 39, 45)
(6, 17, 23, 26, 32, 43)
(11, 14, 24, 25, 35, 38)
(5, 10, 15, 34, 39, 44)
(9, 12, 16, 33, 37, 40)
(3, 11, 14, 35, 38, 46)
(13, 16, 17, 32, 33, 36)
(9, 21, 22, 27, 28, 40)
(2, 9, 24, 25, 40, 47)
(3, 20, 21, 28, 29, 46)
(2, 3, 5, 44, 46, 47)
(9, 16, 20, 29, 33, 40)
(1, 10, 16, 33, 39, 48)
(7, 8, 11, 38, 41, 42)
(7, 10, 13, 36, 39, 42)
(10, 15, 24, 25, 34, 39)
(5, 13, 16, 33, 36, 44)
(3, 5, 24, 25, 44, 46)
(2, 6, 17, 32, 43, 47)
(7, 13, 22, 27, 36, 42)
(6, 16, 23, 26, 33, 43)
(3, 11, 12, 37, 38, 46)
(10, 16, 22, 27, 33, 39)
(1, 4, 6, 43, 45, 48)
(2, 16, 23, 26, 33, 47)
(7, 13, 24, 25, 36, 42)
(11, 12, 19, 30, 37, 38)
(1, 18, 20, 29, 31, 48)
(3, 7, 15, 34, 42, 46)
(4, 6, 12, 37, 43, 45)
(8, 12, 24, 25, 37, 41)
(1, 5, 21, 28, 44, 48)
(3, 20, 22, 27, 29, 46)
(1, 10, 19, 30, 39, 48)
(6, 7, 10, 39, 42, 43)
(2, 12, 24, 25, 37, 47)
(11, 16, 20, 29, 33, 38)
(6, 11, 14, 35, 38, 43)
(16, 19, 24, 25, 30, 33)
(12, 13, 19, 30, 36, 37)
(4, 16, 19, 30, 33, 45)
(8, 11, 12, 37, 38, 41)
(8, 18, 23, 26, 31, 41)
(11, 14, 18, 31, 35, 38)
(16, 18, 21, 28, 31, 33)
(4, 15, 21, 28, 34, 45)
(10, 18, 20, 29, 31, 39)
(8, 10, 22, 27, 39, 41)
(15, 16, 17, 32, 33, 34)
(9, 10, 24, 25, 39, 40)
(3, 13, 22, 27, 36, 46)
(1, 9, 13, 36, 40, 48)
(2, 19, 20, 29, 30, 47)
(1, 7, 8, 41, 42, 48)
(12, 16, 24, 25, 33, 37)
(9, 18, 21, 28, 31, 40)
(14, 21, 22, 27, 28, 35)
(3, 8, 23, 26, 41, 46)
(4, 8, 12, 37, 41, 45)
(8, 16, 18, 31, 33, 41)
(14, 15, 20, 29, 34, 35)
(4, 9, 16, 33, 40, 45)
(4, 8, 13, 36, 41, 45)
(5, 9, 11, 38, 40, 44)
(5, 11, 17, 32, 38, 44)
(8, 17, 22, 27, 32, 41)
(10, 22, 24, 25, 27, 39)
(5, 6, 12, 37, 43, 44)
(12, 23, 24, 25, 26, 37)
(3, 13, 21, 28, 36, 46)
(2, 9, 18, 31, 40, 47)
(1, 6, 10, 39, 43, 48)
(2, 14, 24, 25, 35, 47)
(10, 16, 18, 31, 33, 39)
(1, 2, 13, 36, 47, 48)
(6, 8, 12, 37, 41, 43)
(2, 8, 21, 28, 41, 47)
(5, 14, 17, 32, 35, 44)
(11, 19, 24, 25, 30, 38)
(1, 12, 17, 32, 37, 48)
(3, 10, 17, 32, 39, 46)
(7, 11, 12, 37, 38, 42)
(2, 12, 20, 29, 37, 47)
(18, 22, 23, 26, 27, 31)
(4, 11, 21, 28, 38, 45)
(6, 15, 18, 31, 34, 43)
(12, 15, 22, 27, 34, 37)
(9, 11, 19, 30, 38, 40)
(4, 5, 23, 26, 44, 45)
(1, 15, 16, 33, 34, 48)
(2, 15, 23, 26, 34, 47)
(20, 21, 24, 25, 28, 29)
(5, 12, 18, 31, 37, 44)
(14, 20, 21, 28, 29, 35)
(3, 7, 21, 28, 42, 46)
(4, 6, 10, 39, 43, 45)
(4, 17, 23, 26, 32, 45)
(1, 16, 22, 27, 33, 48)
(6, 11, 22, 27, 38, 43)
(8, 13, 22, 27, 36, 41)
(14, 20, 22, 27, 29, 35)
(2, 3, 7, 42, 46, 47)
(3, 14, 23, 26, 35, 46)
(7, 8, 21, 28, 41, 42)
(2, 18, 24, 25, 31, 47)
(4, 8, 24, 25, 41, 45)
(7, 11, 20, 29, 38, 42)
(7, 8, 24, 25, 41, 42)
(10, 18, 24, 25, 31, 39)
(2, 16, 22, 27, 33, 47)
(2, 17, 19, 30, 32, 47)
(6, 11, 18, 31, 38, 43)
(6, 21, 22, 27, 28, 43)
(1, 5, 13, 36, 44, 48)
(9, 16, 22, 27, 33, 40)
(16, 22, 23, 26, 27, 33)
(13, 18, 22, 27, 31, 36)
(5, 21, 22, 27, 28, 44)
(15, 17, 23, 26, 32, 34)
(3, 16, 19, 30, 33, 46)
(5, 11, 13, 36, 38, 44)
(14, 17, 19, 30, 32, 35)
(1, 12, 24, 25, 37, 48)
(2, 7, 20, 29, 42, 47)
(9, 11, 17, 32, 38, 40)
(13, 14, 20, 29, 35, 36)
(12, 17, 20, 29, 32, 37)
(12, 15, 24, 25, 34, 37)
(5, 9, 17, 32, 40, 44)
(1, 4, 7, 42, 45, 48)
(7, 15, 17, 32, 34, 42)
(3, 12, 21, 28, 37, 46)
(6, 16, 21, 28, 33, 43)
(4, 13, 22, 27, 36, 45)
(2, 6, 16, 33, 43, 47)
(2, 16, 18, 31, 33, 47)
(5, 6, 19, 30, 43, 44)
(6, 7, 12, 37, 42, 43)
(7, 8, 10, 39, 41, 42)
(3, 6, 24, 25, 43, 46)
(14, 22, 23, 26, 27, 35)
(5, 6, 24, 25, 43, 44)
(10, 18, 22, 27, 31, 39)
(5, 19, 22, 27, 30, 44)
(5, 14, 19, 30, 35, 44)
(10, 13, 18, 31, 36, 39)
(6, 7, 11, 38, 42, 43)
(2, 3, 10, 39, 46, 47)
(1, 2, 18, 31, 47, 48)
(2, 16, 24, 25, 33, 47)
(2, 5, 14, 35, 44, 47)
(15, 22, 23, 26, 27, 34)
(2, 4, 16, 33, 45, 47)
(8, 13, 18, 31, 36, 41)
(1, 12, 19, 30, 37, 48)
(15, 18, 24, 25, 31, 34)
(20, 22, 23, 26, 27, 29)
(1, 9, 22, 27, 40, 48)
(3, 6, 20, 29, 43, 46)
(5, 16, 19, 30, 33, 44)
(1, 2, 15, 34, 47, 48)
(8, 9, 17, 32, 40, 41)
(6, 13, 20, 29, 36, 43)
(11, 14, 17, 32, 35, 38)
(5, 9, 19, 30, 40, 44)
(6, 13, 24, 25, 36, 43)
(3, 5, 23, 26, 44, 46)
(4, 6, 20, 29, 43, 45)
(12, 14, 24, 25, 35, 37)
(4, 10, 24, 25, 39, 45)
(8, 17, 21, 28, 32, 41)
(1, 13, 18, 31, 36, 48)
(2, 8, 9, 40, 41, 47)
(6, 22, 24, 25, 27, 43)
(11, 20, 23, 26, 29, 38)
(5, 6, 15, 34, 43, 44)
(18, 19, 23, 26, 30, 31)
(6, 11, 19, 30, 38, 43)
(5, 18, 22, 27, 31, 44)
(6, 16, 19, 30, 33, 43)
(5, 14, 21, 28, 35, 44)
(1, 18, 23, 26, 31, 48)
(3, 4, 21, 28, 45, 46)
(6, 9, 21, 28, 40, 43)
(13, 19, 20, 29, 30, 36)
(5, 12, 23, 26, 37, 44)
(12, 18, 20, 29, 31, 37)
(16, 17, 21, 28, 32, 33)
(6, 8, 13, 36, 41, 43)
(15, 18, 19, 30, 31, 34)
(15, 17, 19, 30, 32, 34)
(2, 13, 21, 28, 36, 47)
(3, 5, 20, 29, 44, 46)
(12, 15, 20, 29, 34, 37)
(11, 19, 23, 26, 30, 38)
(5, 11, 23, 26, 38, 44)
(10, 19, 24, 25, 30, 39)
(6, 18, 20, 29, 31, 43)
(8, 17, 24, 25, 32, 41)
(3, 10, 24, 25, 39, 46)
(5, 18, 24, 25, 31, 44)
(7, 10, 20, 29, 39, 42)
(4, 18, 21, 28, 31, 45)
(17, 20, 21, 28, 29, 32)
(13, 17, 23, 26, 32, 36)
(17, 18, 22, 27, 31, 32)
(7, 19, 20, 29, 30, 42)
(5, 12, 20, 29, 37, 44)
(2, 10, 14, 35, 39, 47)
(4, 5, 24, 25, 44, 45)
(8, 9, 11, 38, 40, 41)
(16, 20, 21, 28, 29, 33)
(2, 3, 4, 45, 46, 47)
(1, 10, 21, 28, 39, 48)
(4, 8, 10, 39, 41, 45)
(2, 3, 15, 34, 46, 47)
(12, 17, 18, 31, 32, 37)
(2, 4, 22, 27, 45, 47)
(9, 13, 24, 25, 36, 40)
(10, 12, 13, 36, 37, 39)
(16, 19, 22, 27, 30, 33)
(7, 11, 24, 25, 38, 42)
(1, 3, 17, 32, 46, 48)
(6, 11, 23, 26, 38, 43)
(7, 9, 19, 30, 40, 42)
(10, 16, 24, 25, 33, 39)
(18, 20, 21, 28, 29, 31)
(11, 15, 21, 28, 34, 38)
(6, 8, 18, 31, 41, 43)
(11, 18, 23, 26, 31, 38)
(4, 11, 17, 32, 38, 45)
(5, 17, 21, 28, 32, 44)
(9, 10, 14, 35, 39, 40)
(11, 21, 24, 25, 28, 38)
(5, 16, 24, 25, 33, 44)
(7, 11, 17, 32, 38, 42)
(1, 4, 23, 26, 45, 48)
(10, 13, 17, 32, 36, 39)
(6, 9, 17, 32, 40, 43)
(5, 9, 22, 27, 40, 44)
(6, 8, 16, 33, 41, 43)
(13, 16, 19, 30, 33, 36)
(4, 18, 23, 26, 31, 45)
(2, 11, 24, 25, 38, 47)
(1, 12, 16, 33, 37, 48)
(9, 20, 22, 27, 29, 40)
(7, 8, 20, 29, 41, 42)
(3, 12, 20, 29, 37, 46)
(3, 4, 19, 30, 45, 46)
(8, 17, 18, 31, 32, 41)
(10, 12, 20, 29, 37, 39)
(1, 20, 21, 28, 29, 48)
(4, 12, 23, 26, 37, 45)
(4, 9, 14, 35, 40, 45)
(8, 14, 16, 33, 35, 41)
(16, 19, 20, 29, 30, 33)
(8, 11, 24, 25, 38, 41)
(12, 13, 20, 29, 36, 37)
(5, 19, 24, 25, 30, 44)
(6, 9, 18, 31, 40, 43)
(1, 7, 24, 25, 42, 48)
(3, 5, 8, 41, 44, 46)
(3, 20, 24, 25, 29, 46)
(11, 15, 23, 26, 34, 38)
(7, 18, 22, 27, 31, 42)
(2, 4, 5, 44, 45, 47)
(5, 9, 20, 29, 40, 44)
(4, 19, 24, 25, 30, 45)
(3, 7, 8, 41, 42, 46)
(4, 14, 15, 34, 35, 45)
(5, 11, 16, 33, 38, 44)
(10, 21, 22, 27, 28, 39)
(3, 8, 12, 37, 41, 46)
(13, 14, 21, 28, 35, 36)
(3, 16, 18, 31, 33, 46)
(4, 11, 24, 25, 38, 45)
(5, 7, 22, 27, 42, 44)
(2, 17, 24, 25, 32, 47)
(4, 15, 19, 30, 34, 45)
(1, 3, 19, 30, 46, 48)
(2, 6, 15, 34, 43, 47)
(6, 10, 18, 31, 39, 43)
(4, 12, 14, 35, 37, 45)
(8, 14, 19, 30, 35, 41)
(1, 2, 22, 27, 47, 48)
(13, 14, 18, 31, 35, 36)
(2, 16, 17, 32, 33, 47)
(1, 2, 8, 41, 47, 48)
(1, 14, 16, 33, 35, 48)
(2, 11, 22, 27, 38, 47)
(3, 15, 19, 30, 34, 46)
(10, 20, 23, 26, 29, 39)
(11, 17, 18, 31, 32, 38)
(1, 14, 18, 31, 35, 48)
(8, 14, 21, 28, 35, 41)
(3, 6, 12, 37, 43, 46)
(12, 20, 21, 28, 29, 37)
(1, 21, 24, 25, 28, 48)
(5, 7, 23, 26, 42, 44)
(5, 10, 17, 32, 39, 44)
(14, 15, 24, 25, 34, 35)
(3, 17, 24, 25, 32, 46)
(1, 14, 23, 26, 35, 48)
(1, 9, 15, 34, 40, 48)
(10, 15, 16, 33, 34, 39)
(1, 15, 19, 30, 34, 48)
(7, 12, 13, 36, 37, 42)
(2, 11, 14, 35, 38, 47)
(5, 18, 21, 28, 31, 44)
(2, 11, 16, 33, 38, 47)
(8, 10, 12, 37, 39, 41)
(3, 21, 24, 25, 28, 46)
(11, 22, 24, 25, 27, 38)
(15, 18, 22, 27, 31, 34)
(11, 12, 17, 32, 37, 38)
(8, 9, 12, 37, 40, 41)
(2, 9, 19, 30, 40, 47)
(3, 5, 21, 28, 44, 46)
(3, 14, 17, 32, 35, 46)
(12, 13, 22, 27, 36, 37)
(3, 4, 22, 27, 45, 46)
(3, 15, 21, 28, 34, 46)
(1, 5, 10, 39, 44, 48)
(4, 19, 20, 29, 30, 45)
(2, 7, 11, 38, 42, 47)
(4, 13, 20, 29, 36, 45)
(3, 4, 8, 41, 45, 46)
(10, 21, 23, 26, 28, 39)
(2, 5, 10, 39, 44, 47)
(7, 16, 21, 28, 33, 42)
(1, 16, 24, 25, 33, 48)
(7, 10, 11, 38, 39, 42)
(7, 11, 19, 30, 38, 42)
(9, 18, 22, 27, 31, 40)
(3, 15, 18, 31, 34, 46)
(14, 18, 24, 25, 31, 35)
(16, 18, 23, 26, 31, 33)
(15, 18, 21, 28, 31, 34)
(13, 18, 23, 26, 31, 36)
(6, 15, 24, 25, 34, 43)
(11, 13, 20, 29, 36, 38)
(9, 13, 21, 28, 36, 40)
(4, 10, 16, 33, 39, 45)
(3, 9, 10, 39, 40, 46)
(12, 16, 17, 32, 33, 37)
(3, 6, 22, 27, 43, 46)
(3, 12, 23, 26, 37, 46)
(11, 13, 16, 33, 36, 38)
(4, 5, 18, 31, 44, 45)
(6, 12, 20, 29, 37, 43)
(5, 6, 11, 38, 43, 44)
(7, 20, 22, 27, 29, 42)
(10, 13, 20, 29, 36, 39)
(2, 15, 16, 33, 34, 47)
(2, 12, 23, 26, 37, 47)
(3, 9, 14, 35, 40, 46)
(12, 13, 16, 33, 36, 37)
(2, 3, 8, 41, 46, 47)
(4, 19, 22, 27, 30, 45)
(1, 3, 16, 33, 46, 48)
(3, 5, 22, 27, 44, 46)
(1, 19, 23, 26, 30, 48)
(8, 11, 15, 34, 38, 41)
(2, 4, 24, 25, 45, 47)
(1, 2, 19, 30, 47, 48)
(7, 11, 16, 33, 38, 42)
(2, 3, 23, 26, 46, 47)
(17, 20, 23, 26, 29, 32)
(1, 3, 14, 35, 46, 48)
(4, 8, 11, 38, 41, 45)
(11, 13, 23, 26, 36, 38)
(11, 15, 17, 32, 34, 38)
(1, 7, 18, 31, 42, 48)
(5, 7, 24, 25, 42, 44)
(1, 13, 24, 25, 36, 48)
(13, 16, 23, 26, 33, 36)
(4, 8, 21, 28, 41, 45)
(5, 13, 19, 30, 36, 44)
(7, 19, 22, 27, 30, 42)
(13, 20, 21, 28, 29, 36)
(2, 7, 9, 40, 42, 47)
(4, 6, 14, 35, 43, 45)
(6, 16, 17, 32, 33, 43)
(2, 9, 22, 27, 40, 47)
(6, 7, 18, 31, 42, 43)
(1, 7, 14, 35, 42, 48)
(3, 8, 16, 33, 41, 46)
(5, 13, 14, 35, 36, 44)
(3, 19, 22, 27, 30, 46)
(19, 20, 24, 25, 29, 30)
(20, 22, 24, 25, 27, 29)
(1, 5, 7, 42, 44, 48)
(2, 18, 23, 26, 31, 47)
(2, 10, 23, 26, 39, 47)
(2, 16, 19, 30, 33, 47)
(11, 14, 21, 28, 35, 38)
(20, 23, 24, 25, 26, 29)
(2, 13, 22, 27, 36, 47)
(4, 16, 24, 25, 33, 45)
(1, 15, 23, 26, 34, 48)
(10, 21, 24, 25, 28, 39)
(3, 10, 13, 36, 39, 46)
(13, 17, 19, 30, 32, 36)
(4, 21, 23, 26, 28, 45)
(6, 9, 22, 27, 40, 43)
(9, 20, 24, 25, 29, 40)
(9, 16, 24, 25, 33, 40)
(7, 18, 24, 25, 31, 42)
(3, 6, 23, 26, 43, 46)
(8, 18, 20, 29, 31, 41)
(3, 6, 21, 28, 43, 46)
(4, 12, 18, 31, 37, 45)
(4, 21, 22, 27, 28, 45)
(12, 14, 16, 33, 35, 37)
(14, 19, 21, 28, 30, 35)
(21, 23, 24, 25, 26, 28)
(8, 14, 18, 31, 35, 41)
(8, 16, 23, 26, 33, 41)
(2, 8, 20, 29, 41, 47)
(13, 20, 24, 25, 29, 36)
(1, 12, 20, 29, 37, 48)
(3, 7, 19, 30, 42, 46)
(2, 10, 22, 27, 39, 47)
(2, 8, 17, 32, 41, 47)
(7, 11, 13, 36, 38, 42)
(6, 11, 16, 33, 38, 43)
(13, 15, 18, 31, 34, 36)
(1, 5, 24, 25, 44, 48)
(1, 19, 24, 25, 30, 48)
(10, 17, 18, 31, 32, 39)
(1, 16, 17, 32, 33, 48)
(4, 9, 18, 31, 40, 45)
(5, 7, 17, 32, 42, 44)
(2, 3, 20, 29, 46, 47)
(11, 20, 21, 28, 29, 38)
(10, 11, 12, 37, 38, 39)
(6, 15, 21, 28, 34, 43)
(3, 16, 21, 28, 33, 46)
(3, 15, 22, 27, 34, 46)
(3, 18, 24, 25, 31, 46)
(3, 19, 21, 28, 30, 46)
(17, 21, 22, 27, 28, 32)
(7, 10, 24, 25, 39, 42)
(2, 13, 15, 34, 36, 47)
(3, 8, 13, 36, 41, 46)
(6, 13, 14, 35, 36, 43)
(3, 5, 18, 31, 44, 46)
(4, 9, 21, 28, 40, 45)
(3, 10, 11, 38, 39, 46)
(1, 17, 24, 25, 32, 48)
(3, 11, 24, 25, 38, 46)
(2, 5, 21, 28, 44, 47)
(13, 14, 17, 32, 35, 36)
(3, 8, 15, 34, 41, 46)
(5, 13, 21, 28, 36, 44)
(1, 5, 19, 30, 44, 48)
(9, 13, 15, 34, 36, 40)
(1, 6, 20, 29, 43, 48)
(1, 5, 15, 34, 44, 48)
(1, 2, 12, 37, 47, 48)
(1, 5, 20, 29, 44, 48)
(1, 19, 20, 29, 30, 48)
(6, 11, 20, 29, 38, 43)
(3, 13, 24, 25, 36, 46)
(1, 5, 22, 27, 44, 48)
(2, 6, 22, 27, 43, 47)
(17, 18, 19, 30, 31, 32)
(9, 13, 17, 32, 36, 40)
(9, 20, 21, 28, 29, 40)
(2, 10, 24, 25, 39, 47)
(13, 22, 24, 25, 27, 36)
(14, 16, 24, 25, 33, 35)
(1, 20, 23, 26, 29, 48)
(5, 18, 19, 30, 31, 44)
(2, 7, 10, 39, 42, 47)
(10, 20, 22, 27, 29, 39)
(1, 8, 24, 25, 41, 48)
(2, 11, 13, 36, 38, 47)
(14, 16, 22, 27, 33, 35)
(9, 19, 24, 25, 30, 40)
(2, 9, 21, 28, 40, 47)
(5, 11, 20, 29, 38, 44)
(12, 15, 21, 28, 34, 37)
(8, 20, 24, 25, 29, 41)
(4, 7, 16, 33, 42, 45)
(3, 17, 20, 29, 32, 46)
(11, 17, 21, 28, 32, 38)
(2, 9, 16, 33, 40, 47)
(2, 3, 11, 38, 46, 47)
(14, 21, 24, 25, 28, 35)
(3, 14, 20, 29, 35, 46)
(14, 16, 23, 26, 33, 35)
(2, 15, 18, 31, 34, 47)
(5, 6, 9, 40, 43, 44)
(1, 4, 12, 37, 45, 48)
(7, 17, 20, 29, 32, 42)
(15, 20, 21, 28, 29, 34)
(9, 14, 20, 29, 35, 40)
(2, 18, 19, 30, 31, 47)
(4, 12, 22, 27, 37, 45)
(7, 23, 24, 25, 26, 42)
(12, 22, 23, 26, 27, 37)
(2, 8, 14, 35, 41, 47)
(6, 22, 23, 26, 27, 43)
(1, 19, 22, 27, 30, 48)
(17, 21, 24, 25, 28, 32)
(4, 16, 22, 27, 33, 45)
(4, 17, 22, 27, 32, 45)
(7, 8, 18, 31, 41, 42)
(7, 15, 24, 25, 34, 42)
(8, 11, 16, 33, 38, 41)
(15, 21, 24, 25, 28, 34)
(10, 19, 21, 28, 30, 39)
(11, 21, 23, 26, 28, 38)
(6, 10, 17, 32, 39, 43)
(5, 17, 19, 30, 32, 44)
(9, 12, 24, 25, 37, 40)
(3, 12, 18, 31, 37, 46)
(15, 23, 24, 25, 26, 34)
(7, 12, 24, 25, 37, 42)
(17, 20, 24, 25, 29, 32)
(8, 15, 22, 27, 34, 41)
(12, 19, 24, 25, 30, 37)
(4, 9, 10, 39, 40, 45)
(7, 12, 21, 28, 37, 42)
(4, 17, 19, 30, 32, 45)
(5, 12, 22, 27, 37, 44)
(6, 13, 23, 26, 36, 43)
(1, 9, 17, 32, 40, 48)
(7, 16, 19, 30, 33, 42)
(11, 17, 19, 30, 32, 38)
(1, 6, 15, 34, 43, 48)
(10, 22, 23, 26, 27, 39)
(1, 2, 21, 28, 47, 48)
(6, 14, 17, 32, 35, 43)
(1, 5, 18, 31, 44, 48)
(4, 16, 23, 26, 33, 45)
(2, 18, 21, 28, 31, 47)
(3, 5, 12, 37, 44, 46)
(2, 20, 24, 25, 29, 47)
(13, 14, 24, 25, 35, 36)
(5, 15, 19, 30, 34, 44)
(10, 12, 21, 28, 37, 39)
(3, 17, 22, 27, 32, 46)
(1, 10, 15, 34, 39, 48)
(12, 17, 21, 28, 32, 37)
(1, 14, 24, 25, 35, 48)
(16, 21, 22, 27, 28, 33)
(6, 10, 16, 33, 39, 43)
(8, 9, 20, 29, 40, 41)
(8, 12, 21, 28, 37, 41)
(1, 22, 24, 25, 27, 48)
(4, 7, 22, 27, 42, 45)
(2, 15, 24, 25, 34, 47)
(2, 14, 22, 27, 35, 47)
(4, 5, 13, 36, 44, 45)
(7, 16, 17, 32, 33, 42)
(1, 2, 23, 26, 47, 48)
(4, 22, 24, 25, 27, 45)
(5, 7, 10, 39, 42, 44)
(9, 22, 24, 25, 27, 40)
(9, 13, 20, 29, 36, 40)
(3, 9, 16, 33, 40, 46)
(6, 18, 23, 26, 31, 43)
(5, 6, 21, 28, 43, 44)
(6, 12, 17, 32, 37, 43)
(9, 11, 24, 25, 38, 40)
(2, 17, 23, 26, 32, 47)
(3, 7, 17, 32, 42, 46)
(8, 16, 20, 29, 33, 41)
(1, 17, 21, 28, 32, 48)
(12, 16, 22, 27, 33, 37)
(8, 10, 18, 31, 39, 41)
(3, 18, 19, 30, 31, 46)
(2, 6, 24, 25, 43, 47)
(3, 7, 9, 40, 42, 46)
(4, 19, 23, 26, 30, 45)
(1, 11, 16, 33, 38, 48)
(7, 21, 24, 25, 28, 42)
(1, 5, 17, 32, 44, 48)
(5, 6, 8, 41, 43, 44)
(1, 15, 21, 28, 34, 48)
(1, 15, 22, 27, 34, 48)
(11, 15, 18, 31, 34, 38)
(3, 7, 18, 31, 42, 46)
(10, 12, 23, 26, 37, 39)
(1, 10, 18, 31, 39, 48)
(12, 17, 19, 30, 32, 37)
(1, 13, 21, 28, 36, 48)
(2, 21, 22, 27, 28, 47)
(1, 8, 10, 39, 41, 48)
(11, 13, 15, 34, 36, 38)
(4, 20, 22, 27, 29, 45)
(10, 12, 14, 35, 37, 39)
(5, 8, 15, 34, 41, 44)
(2, 6, 9, 40, 43, 47)
(15, 21, 23, 26, 28, 34)
(11, 17, 23, 26, 32, 38)
(1, 7, 21, 28, 42, 48)
(11, 13, 21, 28, 36, 38)
(6, 17, 19, 30, 32, 43)
(3, 9, 22, 27, 40, 46)
(1, 11, 17, 32, 38, 48)
(15, 16, 18, 31, 33, 34)
(2, 5, 8, 41, 44, 47)
(6, 19, 21, 28, 30, 43)
(17, 19, 22, 27, 30, 32)
(1, 16, 18, 31, 33, 48)
(13, 18, 19, 30, 31, 36)
(2, 8, 16, 33, 41, 47)
(4, 18, 19, 30, 31, 45)
(3, 5, 7, 42, 44, 46)
(4, 12, 20, 29, 37, 45)
(6, 7, 23, 26, 42, 43)
(3, 10, 23, 26, 39, 46)
(1, 12, 15, 34, 37, 48)
(11, 13, 17, 32, 36, 38)
(9, 21, 24, 25, 28, 40)
(2, 22, 23, 26, 27, 47)
(2, 10, 20, 29, 39, 47)
(3, 22, 24, 25, 27, 46)
(4, 10, 22, 27, 39, 45)
(17, 19, 24, 25, 30, 32)
(9, 13, 18, 31, 36, 40)
(2, 6, 12, 37, 43, 47)
(4, 19, 21, 28, 30, 45)
(7, 14, 24, 25, 35, 42)
(6, 10, 14, 35, 39, 43)
(11, 13, 22, 27, 36, 38)
(13, 15, 17, 32, 34, 36)
(11, 23, 24, 25, 26, 38)
(5, 20, 22, 27, 29, 44)
(5, 11, 19, 30, 38, 44)
(14, 16, 18, 31, 33, 35)
(3, 9, 19, 30, 40, 46)
(14, 23, 24, 25, 26, 35)
(6, 10, 22, 27, 39, 43)
(13, 17, 20, 29, 32, 36)
(4, 14, 23, 26, 35, 45)
(3, 18, 20, 29, 31, 46)
(3, 17, 23, 26, 32, 46)
(3, 8, 20, 29, 41, 46)
(1, 12, 23, 26, 37, 48)
(1, 10, 24, 25, 39, 48)
(8, 18, 24, 25, 31, 41)
(3, 9, 12, 37, 40, 46)
(2, 3, 22, 27, 46, 47)
(8, 9, 19, 30, 40, 41)
(9, 14, 16, 33, 35, 40)
(5, 18, 23, 26, 31, 44)
(8, 15, 20, 29, 34, 41)
(8, 15, 16, 33, 34, 41)
(4, 6, 7, 42, 43, 45)
(5, 11, 24, 25, 38, 44)
(4, 13, 21, 28, 36, 45)
(5, 7, 15, 34, 42, 44)
(4, 13, 14, 35, 36, 45)
(5, 10, 13, 36, 39, 44)
(2, 15, 22, 27, 34, 47)
(5, 9, 15, 34, 40, 44)
(6, 14, 24, 25, 35, 43)
(6, 10, 23, 26, 39, 43)
(5, 23, 24, 25, 26, 44)
(8, 19, 24, 25, 30, 41)
(1, 3, 18, 31, 46, 48)
(1, 11, 19, 30, 38, 48)
(18, 19, 24, 25, 30, 31)
(3, 13, 18, 31, 36, 46)
(3, 11, 20, 29, 38, 46)
(7, 10, 21, 28, 39, 42)
(1, 6, 14, 35, 43, 48)
(4, 14, 24, 25, 35, 45)
(1, 3, 20, 29, 46, 48)
(2, 12, 19, 30, 37, 47)
(3, 8, 14, 35, 41, 46)
(13, 17, 24, 25, 32, 36)
(1, 18, 24, 25, 31, 48)
(1, 7, 11, 38, 42, 48)
(2, 8, 19, 30, 41, 47)
(8, 10, 15, 34, 39, 41)
(5, 7, 19, 30, 42, 44)
(3, 12, 13, 36, 37, 46)
(1, 6, 17, 32, 43, 48)
(8, 12, 16, 33, 37, 41)
(5, 19, 20, 29, 30, 44)
(11, 12, 14, 35, 37, 38)
(6, 14, 21, 28, 35, 43)
(9, 15, 16, 33, 34, 40)
(13, 17, 22, 27, 32, 36)
(2, 8, 18, 31, 41, 47)
(14, 18, 22, 27, 31, 35)
(3, 4, 10, 39, 45, 46)
(6, 9, 11, 38, 40, 43)
(2, 13, 20, 29, 36, 47)
(7, 13, 14, 35, 36, 42)
(2, 10, 13, 36, 39, 47)
(5, 10, 14, 35, 39, 44)
(11, 17, 20, 29, 32, 38)
(6, 11, 13, 36, 38, 43)
(13, 21, 24, 25, 28, 36)
(1, 13, 17, 32, 36, 48)
(18, 20, 22, 27, 29, 31)
(21, 22, 23, 26, 27, 28)
(6, 12, 15, 34, 37, 43)
(10, 13, 19, 30, 36, 39)
(4, 8, 15, 34, 41, 45)
(10, 17, 20, 29, 32, 39)
(13, 15, 22, 27, 34, 36)
(2, 5, 16, 33, 44, 47)
(7, 9, 22, 27, 40, 42)
(8, 9, 22, 27, 40, 41)
(5, 8, 13, 36, 41, 44)
(11, 19, 20, 29, 30, 38)
(10, 15, 20, 29, 34, 39)
(3, 7, 22, 27, 42, 46)
(4, 6, 21, 28, 43, 45)
(1, 11, 23, 26, 38, 48)
(4, 16, 20, 29, 33, 45)
(13, 21, 23, 26, 28, 36)
(2, 7, 8, 41, 42, 47)
(7, 11, 15, 34, 38, 42)
(5, 16, 20, 29, 33, 44)
(5, 13, 22, 27, 36, 44)
(3, 8, 18, 31, 41, 46)
(2, 10, 12, 37, 39, 47)
(4, 7, 11, 38, 42, 45)
(7, 9, 21, 28, 40, 42)
(11, 16, 18, 31, 33, 38)
(1, 11, 22, 27, 38, 48)
(3, 18, 22, 27, 31, 46)
(10, 14, 17, 32, 35, 39)
(3, 11, 17, 32, 38, 46)
(18, 20, 24, 25, 29, 31)
(8, 19, 22, 27, 30, 41)
(9, 12, 18, 31, 37, 40)
(13, 23, 24, 25, 26, 36)
(8, 10, 24, 25, 39, 41)
(3, 9, 11, 38, 40, 46)
(1, 6, 7, 42, 43, 48)
(3, 10, 14, 35, 39, 46)
(7, 17, 24, 25, 32, 42)
(2, 10, 17, 32, 39, 47)
(19, 21, 22, 27, 28, 30)
(2, 5, 12, 37, 44, 47)
(4, 23, 24, 25, 26, 45)
(3, 10, 19, 30, 39, 46)
(9, 17, 22, 27, 32, 40)
(7, 8, 13, 36, 41, 42)
(3, 13, 16, 33, 36, 46)
(3, 6, 11, 38, 43, 46)
(8, 12, 19, 30, 37, 41)
(21, 22, 24, 25, 27, 28)
(3, 6, 15, 34, 43, 46)
(7, 11, 23, 26, 38, 42)
(1, 9, 10, 39, 40, 48)
(1, 11, 15, 34, 38, 48)
(4, 15, 23, 26, 34, 45)
(1, 6, 11, 38, 43, 48)
(14, 22, 24, 25, 27, 35)
(4, 15, 16, 33, 34, 45)
(6, 10, 20, 29, 39, 43)
(7, 15, 22, 27, 34, 42)
(9, 17, 19, 30, 32, 40)
(9, 11, 20, 29, 38, 40)
(1, 11, 12, 37, 38, 48)
(5, 19, 23, 26, 30, 44)
(5, 8, 14, 35, 41, 44)
(1, 2, 10, 39, 47, 48)
(7, 14, 21, 28, 35, 42)
(3, 5, 11, 38, 44, 46)
(3, 7, 10, 39, 42, 46)
(13, 19, 22, 27, 30, 36)
(14, 15, 21, 28, 34, 35)
(1, 3, 6, 43, 46, 48)
(13, 14, 22, 27, 35, 36)
(1, 14, 20, 29, 35, 48)
(4, 12, 21, 28, 37, 45)
(4, 15, 20, 29, 34, 45)
(1, 2, 17, 32, 47, 48)
(1, 7, 10, 39, 42, 48)
(6, 7, 9, 40, 42, 43)
(1, 14, 19, 30, 35, 48)
(1, 8, 23, 26, 41, 48)
(7, 11, 14, 35, 38, 42)
(5, 10, 21, 28, 39, 44)
(8, 13, 24, 25, 36, 41)
(3, 7, 12, 37, 42, 46)
(5, 13, 20, 29, 36, 44)
(11, 12, 22, 27, 37, 38)
(9, 18, 20, 29, 31, 40)
(10, 16, 23, 26, 33, 39)
(3, 11, 19, 30, 38, 46)
(8, 10, 16, 33, 39, 41)
(7, 12, 22, 27, 37, 42)
(11, 22, 23, 26, 27, 38)
(17, 20, 22, 27, 29, 32)
(9, 20, 23, 26, 29, 40)
(9, 15, 17, 32, 34, 40)
(7, 18, 19, 30, 31, 42)
(10, 13, 23, 26, 36, 39)
(14, 15, 19, 30, 34, 35)
(2, 14, 20, 29, 35, 47)
(4, 5, 8, 41, 44, 45)
(6, 16, 20, 29, 33, 43)
(3, 17, 21, 28, 32, 46)
(2, 6, 13, 36, 43, 47)
(5, 12, 15, 34, 37, 44)
(7, 10, 22, 27, 39, 42)
(1, 4, 15, 34, 45, 48)
(9, 16, 18, 31, 33, 40)
(3, 12, 15, 34, 37, 46)
(2, 6, 7, 42, 43, 47)
(2, 7, 15, 34, 42, 47)
(4, 5, 15, 34, 44, 45)
(1, 3, 8, 41, 46, 48)
(1, 2, 6, 43, 47, 48)
(9, 17, 23, 26, 32, 40)
(1, 5, 6, 43, 44, 48)
(7, 21, 22, 27, 28, 42)
(4, 5, 20, 29, 44, 45)
(10, 14, 19, 30, 35, 39)
(12, 17, 23, 26, 32, 37)
(3, 14, 18, 31, 35, 46)
(4, 15, 24, 25, 34, 45)
(14, 17, 20, 29, 32, 35)
(5, 15, 16, 33, 34, 44)
(6, 9, 13, 36, 40, 43)
(4, 14, 21, 28, 35, 45)
(14, 17, 22, 27, 32, 35)
(1, 22, 23, 26, 27, 48)
(4, 5, 12, 37, 44, 45)
(8, 15, 18, 31, 34, 41)
(1, 16, 20, 29, 33, 48)
(7, 11, 22, 27, 38, 42)
(4, 8, 22, 27, 41, 45)
(10, 11, 15, 34, 38, 39)
(10, 14, 24, 25, 35, 39)
(9, 16, 21, 28, 33, 40)
(10, 16, 17, 32, 33, 39)
(3, 23, 24, 25, 26, 46)
(5, 14, 18, 31, 35, 44)
(7, 18, 21, 28, 31, 42)
(10, 16, 21, 28, 33, 39)
(3, 4, 15, 34, 45, 46)
(9, 14, 17, 32, 35, 40)
(7, 12, 17, 32, 37, 42)
(4, 14, 19, 30, 35, 45)
(11, 12, 21, 28, 37, 38)
(9, 12, 14, 35, 37, 40)
(15, 19, 23, 26, 30, 34)
(8, 16, 17, 32, 33, 41)
(18, 19, 20, 29, 30, 31)
(12, 20, 23, 26, 29, 37)
(1, 3, 13, 36, 46, 48)
(2, 8, 12, 37, 41, 47)
(5, 6, 22, 27, 43, 44)
(5, 6, 23, 26, 43, 44)
(10, 16, 19, 30, 33, 39)
(8, 14, 22, 27, 35, 41)
(2, 11, 18, 31, 38, 47)
(2, 11, 12, 37, 38, 47)
(2, 15, 20, 29, 34, 47)
(6, 10, 19, 30, 39, 43)
(2, 7, 12, 37, 42, 47)
(5, 8, 16, 33, 41, 44)
(4, 22, 23, 26, 27, 45)
(16, 17, 20, 29, 32, 33)
(7, 9, 15, 34, 40, 42)
(22, 23, 24, 25, 26, 27)
(7, 21, 23, 26, 28, 42)
(11, 12, 13, 36, 37, 38)
(3, 16, 17, 32, 33, 46)
(6, 7, 17, 32, 42, 43)
(5, 16, 17, 32, 33, 44)
(3, 14, 22, 27, 35, 46)
(4, 11, 23, 26, 38, 45)
(6, 23, 24, 25, 26, 43)
(2, 5, 13, 36, 44, 47)
(6, 7, 21, 28, 42, 43)
(6, 15, 20, 29, 34, 43)
(11, 15, 24, 25, 34, 38)
(8, 13, 17, 32, 36, 41)
(4, 11, 14, 35, 38, 45)
(8, 16, 19, 30, 33, 41)
(2, 6, 8, 41, 43, 47)
(5, 7, 18, 31, 42, 44)
(9, 14, 18, 31, 35, 40)
(1, 6, 23, 26, 43, 48)
(5, 7, 21, 28, 42, 44)
(6, 15, 17, 32, 34, 43)
(1, 23, 24, 25, 26, 48)
(4, 5, 11, 38, 44, 45)
(1, 3, 12, 37, 46, 48)
(9, 16, 19, 30, 33, 40)
(3, 12, 24, 25, 37, 46)
(1, 7, 23, 26, 42, 48)
(12, 13, 24, 25, 36, 37)
(5, 12, 16, 33, 37, 44)
(1, 8, 16, 33, 41, 48)
(6, 19, 22, 27, 30, 43)
(10, 12, 16, 33, 37, 39)
(8, 13, 21, 28, 36, 41)
(3, 8, 11, 38, 41, 46)
(5, 16, 21, 28, 33, 44)
(13, 16, 18, 31, 33, 36)
(1, 10, 14, 35, 39, 48)
(3, 7, 23, 26, 42, 46)
(5, 8, 20, 29, 41, 44)
(13, 14, 15, 34, 35, 36)}

Print all_are_pairs (contains 2024 tuples): {
(3, 8, 9, 40, 41, 46)
(7, 8, 19, 30, 41, 42)
(7, 9, 10, 39, 40, 42)
(11, 16, 24, 25, 33, 38)
(5, 7, 11, 38, 42, 44)
(5, 8, 9, 40, 41, 44)
(4, 8, 14, 35, 41, 45)
(11, 14, 20, 29, 35, 38)
(12, 19, 23, 26, 30, 37)
(15, 20, 22, 27, 29, 34)
(2, 4, 13, 36, 45, 47)
(4, 10, 13, 36, 39, 45)
(7, 13, 21, 28, 36, 42)
(9, 13, 19, 30, 36, 40)
(3, 5, 17, 32, 44, 46)
(4, 10, 17, 32, 39, 45)
(16, 19, 21, 28, 30, 33)
(1, 6, 24, 25, 43, 48)
(17, 18, 20, 29, 31, 32)
(1, 16, 23, 26, 33, 48)
(4, 12, 17, 32, 37, 45)
(8, 14, 24, 25, 35, 41)
(5, 9, 10, 39, 40, 44)
(7, 16, 20, 29, 33, 42)
(9, 21, 23, 26, 28, 40)
(4, 7, 23, 26, 42, 45)
(3, 13, 14, 35, 36, 46)
(4, 5, 7, 42, 44, 45)
(8, 9, 18, 31, 40, 41)
(4, 15, 22, 27, 34, 45)
(3, 4, 6, 43, 45, 46)
(2, 10, 21, 28, 39, 47)
(7, 17, 21, 28, 32, 42)
(5, 8, 12, 37, 41, 44)
(5, 9, 12, 37, 40, 44)
(1, 2, 20, 29, 47, 48)
(1, 10, 20, 29, 39, 48)
(7, 9, 17, 32, 40, 42)
(1, 8, 12, 37, 41, 48)
(2, 3, 21, 28, 46, 47)
(4, 12, 13, 36, 37, 45)
(9, 17, 24, 25, 32, 40)
(5, 8, 22, 27, 41, 44)
(3, 9, 24, 25, 40, 46)
(8, 9, 14, 35, 40, 41)
(7, 9, 20, 29, 40, 42)
(2, 7, 19, 30, 42, 47)
(9, 14, 24, 25, 35, 40)
(2, 8, 23, 26, 41, 47)
(5, 6, 14, 35, 43, 44)
(9, 19, 23, 26, 30, 40)
(1, 9, 19, 30, 40, 48)
(3, 4, 17, 32, 45, 46)
(6, 13, 19, 30, 36, 43)
(1, 3, 22, 27, 46, 48)
(9, 14, 21, 28, 35, 40)
(8, 14, 17, 32, 35, 41)
(3, 11, 15, 34, 38, 46)
(2, 9, 14, 35, 40, 47)
(2, 4, 20, 29, 45, 47)
(4, 8, 17, 32, 41, 45)
(16, 20, 23, 26, 29, 33)
(6, 17, 24, 25, 32, 43)
(10, 14, 15, 34, 35, 39)
(10, 12, 18, 31, 37, 39)
(6, 12, 23, 26, 37, 43)
(4, 10, 12, 37, 39, 45)
(5, 20, 21, 28, 29, 44)
(12, 21, 22, 27, 28, 37)
(1, 6, 16, 33, 43, 48)
(13, 15, 24, 25, 34, 36)
(13, 16, 22, 27, 33, 36)
(8, 18, 19, 30, 31, 41)
(1, 2, 3, 46, 47, 48)
(2, 20, 23, 26, 29, 47)
(12, 16, 18, 31, 33, 37)
(13, 15, 21, 28, 34, 36)
(19, 20, 23, 26, 29, 30)
(1, 6, 12, 37, 43, 48)
(17, 23, 24, 25, 26, 32)
(6, 20, 21, 28, 29, 43)
(8, 15, 19, 30, 34, 41)
(8, 20, 22, 27, 29, 41)
(14, 15, 16, 33, 34, 35)
(4, 9, 23, 26, 40, 45)
(17, 19, 20, 29, 30, 32)
(4, 20, 21, 28, 29, 45)
(6, 13, 22, 27, 36, 43)
(3, 4, 7, 42, 45, 46)
(8, 13, 23, 26, 36, 41)
(1, 10, 13, 36, 39, 48)
(2, 3, 18, 31, 46, 47)
(4, 6, 18, 31, 43, 45)
(1, 17, 18, 31, 32, 48)
(3, 11, 21, 28, 38, 46)
(9, 13, 14, 35, 36, 40)
(2, 19, 24, 25, 30, 47)
(16, 18, 22, 27, 31, 33)
(4, 9, 11, 38, 40, 45)
(4, 7, 24, 25, 42, 45)
(3, 6, 10, 39, 43, 46)
(4, 11, 16, 33, 38, 45)
(2, 20, 22, 27, 29, 47)
(2, 5, 15, 34, 44, 47)
(3, 16, 22, 27, 33, 46)
(7, 9, 18, 31, 40, 42)
(2, 17, 20, 29, 32, 47)
(1, 4, 11, 38, 45, 48)
(4, 6, 15, 34, 43, 45)
(13, 22, 23, 26, 27, 36)
(5, 14, 16, 33, 35, 44)
(3, 5, 16, 33, 44, 46)
(7, 9, 11, 38, 40, 42)
(4, 14, 16, 33, 35, 45)
(2, 6, 11, 38, 43, 47)
(7, 10, 15, 34, 39, 42)
(5, 13, 23, 26, 36, 44)
(12, 16, 21, 28, 33, 37)
(1, 8, 22, 27, 41, 48)
(7, 20, 24, 25, 29, 42)
(11, 18, 24, 25, 31, 38)
(2, 4, 14, 35, 45, 47)
(8, 15, 21, 28, 34, 41)
(6, 12, 19, 30, 37, 43)
(2, 7, 22, 27, 42, 47)
(1, 10, 23, 26, 39, 48)
(13, 17, 18, 31, 32, 36)
(1, 2, 4, 45, 47, 48)
(9, 10, 12, 37, 39, 40)
(12, 18, 22, 27, 31, 37)
(15, 19, 21, 28, 30, 34)
(15, 19, 22, 27, 30, 34)
(8, 10, 11, 38, 39, 41)
(7, 15, 20, 29, 34, 42)
(2, 11, 20, 29, 38, 47)
(1, 11, 13, 36, 38, 48)
(9, 10, 21, 28, 39, 40)
(1, 9, 16, 33, 40, 48)
(6, 7, 15, 34, 42, 43)
(5, 13, 15, 34, 36, 44)
(10, 15, 18, 31, 34, 39)
(3, 13, 23, 26, 36, 46)
(6, 20, 22, 27, 29, 43)
(2, 11, 23, 26, 38, 47)
(5, 14, 22, 27, 35, 44)
(7, 13, 15, 34, 36, 42)
(6, 15, 22, 27, 34, 43)
(1, 20, 24, 25, 29, 48)
(13, 18, 21, 28, 31, 36)
(6, 7, 19, 30, 42, 43)
(12, 14, 15, 34, 35, 37)
(1, 13, 20, 29, 36, 48)
(12, 16, 19, 30, 33, 37)
(3, 4, 11, 38, 45, 46)
(18, 21, 22, 27, 28, 31)
(2, 12, 16, 33, 37, 47)
(2, 17, 22, 27, 32, 47)
(9, 15, 24, 25, 34, 40)
(6, 14, 23, 26, 35, 43)
(5, 6, 16, 33, 43, 44)
(8, 12, 22, 27, 37, 41)
(10, 14, 16, 33, 35, 39)
(5, 11, 21, 28, 38, 44)
(2, 14, 15, 34, 35, 47)
(6, 13, 21, 28, 36, 43)
(11, 20, 24, 25, 29, 38)
(8, 19, 20, 29, 30, 41)
(11, 16, 23, 26, 33, 38)
(10, 13, 15, 34, 36, 39)
(16, 22, 24, 25, 27, 33)
(5, 20, 24, 25, 29, 44)
(7, 10, 16, 33, 39, 42)
(3, 12, 22, 27, 37, 46)
(4, 17, 18, 31, 32, 45)
(1, 5, 11, 38, 44, 48)
(3, 21, 23, 26, 28, 46)
(6, 7, 14, 35, 42, 43)
(10, 17, 24, 25, 32, 39)
(11, 16, 17, 32, 33, 38)
(1, 4, 9, 40, 45, 48)
(14, 19, 24, 25, 30, 35)
(1, 6, 19, 30, 43, 48)
(5, 12, 17, 32, 37, 44)
(8, 15, 24, 25, 34, 41)
(6, 13, 17, 32, 36, 43)
(15, 17, 22, 27, 32, 34)
(5, 12, 19, 30, 37, 44)
(11, 13, 14, 35, 36, 38)
(5, 9, 23, 26, 40, 44)
(14, 16, 21, 28, 33, 35)
(1, 6, 13, 36, 43, 48)
(8, 10, 19, 30, 39, 41)
(5, 13, 18, 31, 36, 44)
(10, 11, 20, 29, 38, 39)
(7, 14, 15, 34, 35, 42)
(2, 9, 17, 32, 40, 47)
(1, 3, 5, 44, 46, 48)
(2, 8, 22, 27, 41, 47)
(4, 21, 24, 25, 28, 45)
(17, 18, 24, 25, 31, 32)
(6, 10, 24, 25, 39, 43)
(2, 6, 19, 30, 43, 47)
(5, 9, 24, 25, 40, 44)
(6, 18, 19, 30, 31, 43)
(11, 14, 22, 27, 35, 38)
(13, 17, 21, 28, 32, 36)
(17, 21, 23, 26, 28, 32)
(1, 11, 20, 29, 38, 48)
(3, 5, 9, 40, 44, 46)
(1, 4, 8, 41, 45, 48)
(1, 3, 9, 40, 46, 48)
(3, 6, 16, 33, 43, 46)
(3, 16, 23, 26, 33, 46)
(5, 21, 24, 25, 28, 44)
(11, 19, 22, 27, 30, 38)
(1, 17, 23, 26, 32, 48)
(6, 11, 15, 34, 38, 43)
(6, 11, 24, 25, 38, 43)
(6, 12, 18, 31, 37, 43)
(4, 11, 22, 27, 38, 45)
(1, 13, 14, 35, 36, 48)
(5, 15, 17, 32, 34, 44)
(2, 4, 18, 31, 45, 47)
(2, 13, 19, 30, 36, 47)
(12, 18, 21, 28, 31, 37)
(6, 14, 22, 27, 35, 43)
(3, 9, 21, 28, 40, 46)
(3, 14, 21, 28, 35, 46)
(5, 20, 23, 26, 29, 44)
(10, 19, 22, 27, 30, 39)
(7, 17, 18, 31, 32, 42)
(5, 10, 11, 38, 39, 44)
(9, 15, 21, 28, 34, 40)
(1, 15, 17, 32, 34, 48)
(2, 3, 6, 43, 46, 47)
(6, 14, 15, 34, 35, 43)
(1, 17, 22, 27, 32, 48)
(8, 11, 21, 28, 38, 41)
(16, 20, 24, 25, 29, 33)
(3, 8, 17, 32, 41, 46)
(7, 16, 22, 27, 33, 42)
(11, 13, 19, 30, 36, 38)
(4, 13, 19, 30, 36, 45)
(4, 11, 18, 31, 38, 45)
(4, 5, 16, 33, 44, 45)
(4, 12, 16, 33, 37, 45)
(5, 10, 18, 31, 39, 44)
(2, 12, 15, 34, 37, 47)
(4, 7, 19, 30, 42, 45)
(2, 5, 23, 26, 44, 47)
(11, 12, 15, 34, 37, 38)
(9, 18, 24, 25, 31, 40)
(12, 13, 21, 28, 36, 37)
(10, 20, 24, 25, 29, 39)
(7, 12, 14, 35, 37, 42)
(9, 10, 18, 31, 39, 40)
(18, 21, 24, 25, 28, 31)
(8, 9, 24, 25, 40, 41)
(8, 10, 13, 36, 39, 41)
(1, 4, 19, 30, 45, 48)
(7, 13, 17, 32, 36, 42)
(5, 15, 18, 31, 34, 44)
(7, 19, 23, 26, 30, 42)
(7, 9, 24, 25, 40, 42)
(1, 8, 18, 31, 41, 48)
(12, 16, 23, 26, 33, 37)
(2, 17, 18, 31, 32, 47)
(3, 9, 17, 32, 40, 46)
(2, 8, 10, 39, 41, 47)
(4, 11, 15, 34, 38, 45)
(5, 8, 24, 25, 41, 44)
(3, 5, 14, 35, 44, 46)
(6, 20, 24, 25, 29, 43)
(10, 13, 21, 28, 36, 39)
(4, 9, 13, 36, 40, 45)
(7, 11, 18, 31, 38, 42)
(9, 14, 15, 34, 35, 40)
(3, 7, 24, 25, 42, 46)
(8, 22, 23, 26, 27, 41)
(9, 15, 19, 30, 34, 40)
(12, 15, 17, 32, 34, 37)
(10, 15, 22, 27, 34, 39)
(13, 20, 23, 26, 29, 36)
(8, 14, 15, 34, 35, 41)
(1, 13, 15, 34, 36, 48)
(19, 20, 21, 28, 29, 30)
(5, 11, 18, 31, 38, 44)
(15, 16, 24, 25, 33, 34)
(17, 22, 24, 25, 27, 32)
(6, 18, 21, 28, 31, 43)
(5, 10, 12, 37, 39, 44)
(1, 12, 18, 31, 37, 48)
(2, 9, 13, 36, 40, 47)
(3, 8, 10, 39, 41, 46)
(9, 11, 16, 33, 38, 40)
(16, 17, 19, 30, 32, 33)
(5, 9, 16, 33, 40, 44)
(7, 17, 19, 30, 32, 42)
(17, 19, 23, 26, 30, 32)
(8, 20, 21, 28, 29, 41)
(9, 11, 12, 37, 38, 40)
(11, 14, 16, 33, 35, 38)
(20, 21, 23, 26, 28, 29)
(3, 13, 20, 29, 36, 46)
(8, 12, 20, 29, 37, 41)
(12, 18, 24, 25, 31, 37)
(3, 4, 23, 26, 45, 46)
(7, 22, 24, 25, 27, 42)
(11, 17, 22, 27, 32, 38)
(4, 8, 9, 40, 41, 45)
(5, 12, 21, 28, 37, 44)
(7, 12, 20, 29, 37, 42)
(1, 11, 24, 25, 38, 48)
(6, 15, 16, 33, 34, 43)
(8, 13, 16, 33, 36, 41)
(8, 9, 13, 36, 40, 41)
(8, 10, 14, 35, 39, 41)
(13, 15, 23, 26, 34, 36)
(1, 15, 24, 25, 34, 48)
(9, 10, 20, 29, 39, 40)
(13, 15, 20, 29, 34, 36)
(12, 15, 16, 33, 34, 37)
(14, 20, 24, 25, 29, 35)
(1, 2, 9, 40, 47, 48)
(5, 15, 21, 28, 34, 44)
(4, 6, 24, 25, 43, 45)
(7, 15, 21, 28, 34, 42)
(2, 14, 16, 33, 35, 47)
(4, 5, 6, 43, 44, 45)
(5, 19, 21, 28, 30, 44)
(6, 15, 23, 26, 34, 43)
(3, 16, 24, 25, 33, 46)
(2, 7, 18, 31, 42, 47)
(7, 16, 23, 26, 33, 42)
(9, 12, 23, 26, 37, 40)
(14, 17, 21, 28, 32, 35)
(17, 22, 23, 26, 27, 32)
(1, 7, 9, 40, 42, 48)
(16, 17, 18, 31, 32, 33)
(2, 8, 15, 34, 41, 47)
(11, 18, 22, 27, 31, 38)
(9, 17, 20, 29, 32, 40)
(5, 6, 13, 36, 43, 44)
(2, 7, 16, 33, 42, 47)
(6, 21, 24, 25, 28, 43)
(14, 15, 18, 31, 34, 35)
(7, 18, 23, 26, 31, 42)
(2, 8, 13, 36, 41, 47)
(6, 14, 20, 29, 35, 43)
(11, 17, 24, 25, 32, 38)
(10, 18, 19, 30, 31, 39)
(3, 9, 18, 31, 40, 46)
(4, 13, 15, 34, 36, 45)
(6, 11, 12, 37, 38, 43)
(12, 15, 19, 30, 34, 37)
(8, 10, 20, 29, 39, 41)
(9, 19, 21, 28, 30, 40)
(4, 8, 18, 31, 41, 45)
(4, 9, 15, 34, 40, 45)
(5, 12, 14, 35, 37, 44)
(2, 4, 12, 37, 45, 47)
(2, 4, 7, 42, 45, 47)
(16, 18, 19, 30, 31, 33)
(11, 13, 24, 25, 36, 38)
(3, 5, 19, 30, 44, 46)
(9, 12, 19, 30, 37, 40)
(9, 10, 23, 26, 39, 40)
(10, 11, 24, 25, 38, 39)
(7, 13, 16, 33, 36, 42)
(3, 18, 21, 28, 31, 46)
(5, 15, 22, 27, 34, 44)
(13, 16, 21, 28, 33, 36)
(7, 8, 23, 26, 41, 42)
(9, 17, 18, 31, 32, 40)
(4, 8, 23, 26, 41, 45)
(9, 10, 17, 32, 39, 40)
(2, 4, 23, 26, 45, 47)
(5, 13, 17, 32, 36, 44)
(8, 12, 15, 34, 37, 41)
(2, 3, 13, 36, 46, 47)
(11, 16, 22, 27, 33, 38)
(3, 14, 15, 34, 35, 46)
(4, 10, 23, 26, 39, 45)
(4, 7, 8, 41, 42, 45)
(5, 12, 13, 36, 37, 44)
(7, 12, 23, 26, 37, 42)
(2, 5, 18, 31, 44, 47)
(5, 11, 22, 27, 38, 44)
(2, 9, 11, 38, 40, 47)
(6, 13, 15, 34, 36, 43)
(5, 7, 20, 29, 42, 44)
(1, 4, 17, 32, 45, 48)
(4, 5, 14, 35, 44, 45)
(6, 13, 16, 33, 36, 43)
(4, 7, 20, 29, 42, 45)
(4, 18, 20, 29, 31, 45)
(1, 2, 7, 42, 47, 48)
(2, 5, 17, 32, 44, 47)
(2, 6, 21, 28, 43, 47)
(13, 19, 23, 26, 30, 36)
(19, 20, 22, 27, 29, 30)
(1, 7, 12, 37, 42, 48)
(4, 9, 12, 37, 40, 45)
(1, 9, 23, 26, 40, 48)
(2, 11, 17, 32, 38, 47)
(10, 15, 19, 30, 34, 39)
(6, 16, 18, 31, 33, 43)
(13, 15, 16, 33, 34, 36)
(1, 11, 18, 31, 38, 48)
(11, 12, 24, 25, 37, 38)
(6, 9, 20, 29, 40, 43)
(5, 10, 16, 33, 39, 44)
(2, 5, 11, 38, 44, 47)
(13, 19, 21, 28, 30, 36)
(11, 20, 22, 27, 29, 38)
(8, 22, 24, 25, 27, 41)
(11, 12, 23, 26, 37, 38)
(8, 9, 21, 28, 40, 41)
(2, 11, 15, 34, 38, 47)
(8, 9, 16, 33, 40, 41)
(2, 7, 21, 28, 42, 47)
(8, 14, 23, 26, 35, 41)
(6, 19, 20, 29, 30, 43)
(4, 14, 18, 31, 35, 45)
(9, 11, 13, 36, 38, 40)
(3, 13, 19, 30, 36, 46)
(1, 7, 16, 33, 42, 48)
(5, 9, 14, 35, 40, 44)
(2, 17, 21, 28, 32, 47)
(6, 12, 13, 36, 37, 43)
(8, 11, 13, 36, 38, 41)
(13, 18, 20, 29, 31, 36)
(1, 3, 4, 45, 46, 48)
(8, 12, 18, 31, 37, 41)
(5, 17, 18, 31, 32, 44)
(1, 10, 22, 27, 39, 48)
(2, 18, 22, 27, 31, 47)
(4, 10, 18, 31, 39, 45)
(8, 14, 20, 29, 35, 41)
(1, 8, 17, 32, 41, 48)
(4, 5, 9, 40, 44, 45)
(1, 13, 23, 26, 36, 48)
(7, 18, 20, 29, 31, 42)
(5, 9, 21, 28, 40, 44)
(9, 12, 15, 34, 37, 40)
(12, 21, 24, 25, 28, 37)
(4, 10, 14, 35, 39, 45)
(13, 21, 22, 27, 28, 36)
(2, 3, 12, 37, 46, 47)
(15, 17, 18, 31, 32, 34)
(15, 17, 20, 29, 32, 34)
(8, 17, 19, 30, 32, 41)
(10, 13, 16, 33, 36, 39)
(2, 4, 10, 39, 45, 47)
(6, 12, 24, 25, 37, 43)
(10, 19, 20, 29, 30, 39)
(3, 10, 22, 27, 39, 46)
(4, 14, 22, 27, 35, 45)
(7, 14, 20, 29, 35, 42)
(1, 8, 19, 30, 41, 48)
(1, 4, 16, 33, 45, 48)
(2, 3, 9, 40, 46, 47)
(6, 9, 23, 26, 40, 43)
(2, 12, 22, 27, 37, 47)
(18, 20, 23, 26, 29, 31)
(7, 10, 12, 37, 39, 42)
(1, 9, 21, 28, 40, 48)
(3, 15, 24, 25, 34, 46)
(17, 18, 23, 26, 31, 32)
(1, 17, 19, 30, 32, 48)
(4, 7, 17, 32, 42, 45)
(15, 16, 19, 30, 33, 34)
(3, 4, 12, 37, 45, 46)
(1, 15, 20, 29, 34, 48)
(5, 9, 18, 31, 40, 44)
(14, 17, 18, 31, 32, 35)
(10, 11, 23, 26, 38, 39)
(16, 17, 23, 26, 32, 33)
(5, 7, 13, 36, 42, 44)
(7, 22, 23, 26, 27, 42)
(11, 15, 16, 33, 34, 38)
(4, 7, 13, 36, 42, 45)
(6, 8, 10, 39, 41, 43)
(10, 17, 22, 27, 32, 39)
(8, 12, 13, 36, 37, 41)
(1, 8, 15, 34, 41, 48)
(15, 22, 24, 25, 27, 34)
(11, 13, 18, 31, 36, 38)
(3, 4, 9, 40, 45, 46)
(3, 6, 13, 36, 43, 46)
(3, 14, 19, 30, 35, 46)
(2, 13, 18, 31, 36, 47)
(3, 5, 10, 39, 44, 46)
(2, 4, 11, 38, 45, 47)
(8, 11, 18, 31, 38, 41)
(14, 18, 19, 30, 31, 35)
(1, 18, 19, 30, 31, 48)
(11, 12, 20, 29, 37, 38)
(1, 12, 22, 27, 37, 48)
(7, 19, 24, 25, 30, 42)
(2, 3, 14, 35, 46, 47)
(1, 6, 21, 28, 43, 48)
(5, 10, 22, 27, 39, 44)
(19, 23, 24, 25, 26, 30)
(3, 11, 22, 27, 38, 46)
(3, 4, 14, 35, 45, 46)
(3, 15, 23, 26, 34, 46)
(1, 2, 5, 44, 47, 48)
(7, 8, 16, 33, 41, 42)
(4, 15, 18, 31, 34, 45)
(8, 9, 10, 39, 40, 41)
(10, 14, 23, 26, 35, 39)
(11, 12, 18, 31, 37, 38)
(1, 4, 18, 31, 45, 48)
(4, 11, 20, 29, 38, 45)
(3, 7, 14, 35, 42, 46)
(5, 8, 10, 39, 41, 44)
(18, 23, 24, 25, 26, 31)
(6, 16, 22, 27, 33, 43)
(7, 9, 12, 37, 40, 42)
(2, 14, 23, 26, 35, 47)
(2, 12, 13, 36, 37, 47)
(4, 16, 18, 31, 33, 45)
(1, 21, 22, 27, 28, 48)
(2, 15, 17, 32, 34, 47)
(3, 19, 20, 29, 30, 46)
(2, 3, 24, 25, 46, 47)
(1, 7, 13, 36, 42, 48)
(8, 15, 17, 32, 34, 41)
(2, 13, 24, 25, 36, 47)
(15, 20, 23, 26, 29, 34)
(7, 8, 14, 35, 41, 42)
(9, 16, 23, 26, 33, 40)
(7, 19, 21, 28, 30, 42)
(18, 22, 24, 25, 27, 31)
(5, 15, 24, 25, 34, 44)
(2, 6, 20, 29, 43, 47)
(3, 19, 24, 25, 30, 46)
(4, 6, 13, 36, 43, 45)
(8, 11, 19, 30, 38, 41)
(18, 21, 23, 26, 28, 31)
(2, 11, 21, 28, 38, 47)
(8, 16, 21, 28, 33, 41)
(3, 10, 18, 31, 39, 46)
(13, 19, 24, 25, 30, 36)
(6, 8, 9, 40, 41, 43)
(6, 17, 18, 31, 32, 43)
(2, 12, 14, 35, 37, 47)
(3, 10, 15, 34, 39, 46)
(3, 6, 7, 42, 43, 46)
(9, 19, 22, 27, 30, 40)
(15, 21, 22, 27, 28, 34)
(8, 16, 22, 27, 33, 41)
(14, 15, 17, 32, 34, 35)
(9, 12, 17, 32, 37, 40)
(10, 16, 20, 29, 33, 39)
(10, 14, 22, 27, 35, 39)
(2, 10, 11, 38, 39, 47)
(4, 20, 23, 26, 29, 45)
(5, 6, 20, 29, 43, 44)
(13, 18, 24, 25, 31, 36)
(7, 15, 18, 31, 34, 42)
(3, 10, 21, 28, 39, 46)
(6, 14, 19, 30, 35, 43)
(7, 12, 18, 31, 37, 42)
(12, 14, 21, 28, 35, 37)
(5, 7, 12, 37, 42, 44)
(3, 6, 14, 35, 43, 46)
(4, 12, 15, 34, 37, 45)
(6, 7, 16, 33, 42, 43)
(5, 14, 15, 34, 35, 44)
(2, 5, 19, 30, 44, 47)
(14, 19, 22, 27, 30, 35)
(15, 16, 22, 27, 33, 34)
(4, 13, 16, 33, 36, 45)
(7, 17, 23, 26, 32, 42)
(4, 13, 23, 26, 36, 45)
(9, 10, 22, 27, 39, 40)
(8, 20, 23, 26, 29, 41)
(2, 16, 20, 29, 33, 47)
(5, 8, 19, 30, 41, 44)
(3, 20, 23, 26, 29, 46)
(3, 7, 13, 36, 42, 46)
(9, 12, 21, 28, 37, 40)
(2, 21, 23, 26, 28, 47)
(14, 16, 17, 32, 33, 35)
(4, 6, 22, 27, 43, 45)
(5, 11, 14, 35, 38, 44)
(1, 4, 5, 44, 45, 48)
(11, 18, 20, 29, 31, 38)
(2, 9, 15, 34, 40, 47)
(14, 19, 20, 29, 30, 35)
(3, 14, 16, 33, 35, 46)
(4, 9, 20, 29, 40, 45)
(6, 9, 14, 35, 40, 43)
(12, 14, 23, 26, 35, 37)
(4, 17, 20, 29, 32, 45)
(7, 8, 9, 40, 41, 42)
(10, 11, 13, 36, 38, 39)
(1, 13, 19, 30, 36, 48)
(3, 6, 19, 30, 43, 46)
(11, 14, 19, 30, 35, 38)
(7, 20, 23, 26, 29, 42)
(1, 5, 12, 37, 44, 48)
(1, 16, 19, 30, 33, 48)
(1, 3, 7, 42, 46, 48)
(1, 5, 16, 33, 44, 48)
(7, 13, 20, 29, 36, 42)
(3, 4, 16, 33, 45, 46)
(4, 12, 19, 30, 37, 45)
(1, 4, 21, 28, 45, 48)
(1, 13, 16, 33, 36, 48)
(5, 8, 21, 28, 41, 44)
(7, 14, 18, 31, 35, 42)
(4, 16, 21, 28, 33, 45)
(17, 19, 21, 28, 30, 32)
(5, 11, 12, 37, 38, 44)
(4, 7, 9, 40, 42, 45)
(6, 18, 24, 25, 31, 43)
(3, 10, 16, 33, 39, 46)
(4, 8, 19, 30, 41, 45)
(4, 9, 19, 30, 40, 45)
(5, 10, 20, 29, 39, 44)
(2, 14, 21, 28, 35, 47)
(8, 9, 15, 34, 40, 41)
(9, 11, 14, 35, 38, 40)
(12, 19, 20, 29, 30, 37)
(1, 2, 16, 33, 47, 48)
(13, 14, 23, 26, 35, 36)
(9, 19, 20, 29, 30, 40)
(16, 18, 20, 29, 31, 33)
(8, 16, 24, 25, 33, 41)
(1, 7, 19, 30, 42, 48)
(6, 9, 15, 34, 40, 43)
(7, 9, 14, 35, 40, 42)
(12, 14, 22, 27, 35, 37)
(16, 21, 24, 25, 28, 33)
(6, 10, 13, 36, 39, 43)
(9, 18, 19, 30, 31, 40)
(10, 11, 22, 27, 38, 39)
(14, 17, 24, 25, 32, 35)
(5, 15, 20, 29, 34, 44)
(6, 10, 11, 38, 39, 43)
(1, 12, 13, 36, 37, 48)
(6, 8, 17, 32, 41, 43)
(3, 11, 16, 33, 38, 46)
(4, 9, 24, 25, 40, 45)
(16, 17, 22, 27, 32, 33)
(10, 11, 21, 28, 38, 39)
(6, 9, 24, 25, 40, 43)
(4, 11, 13, 36, 38, 45)
(1, 5, 23, 26, 44, 48)
(9, 10, 15, 34, 39, 40)
(1, 9, 20, 29, 40, 48)
(10, 14, 18, 31, 35, 39)
(2, 4, 17, 32, 45, 47)
(7, 12, 15, 34, 37, 42)
(4, 15, 17, 32, 34, 45)
(7, 10, 19, 30, 39, 42)
(11, 21, 22, 27, 28, 38)
(3, 9, 15, 34, 40, 46)
(8, 12, 23, 26, 37, 41)
(15, 16, 23, 26, 33, 34)
(15, 18, 20, 29, 31, 34)
(3, 7, 16, 33, 42, 46)
(5, 10, 24, 25, 39, 44)
(8, 21, 24, 25, 28, 41)
(1, 19, 21, 28, 30, 48)
(10, 19, 23, 26, 30, 39)
(6, 14, 16, 33, 35, 43)
(2, 4, 8, 41, 45, 47)
(1, 21, 23, 26, 28, 48)
(5, 6, 7, 42, 43, 44)
(2, 4, 6, 43, 45, 47)
(9, 23, 24, 25, 26, 40)
(12, 22, 24, 25, 27, 37)
(6, 18, 22, 27, 31, 43)
(7, 14, 22, 27, 35, 42)
(15, 19, 24, 25, 30, 34)
(1, 9, 12, 37, 40, 48)
(10, 11, 17, 32, 38, 39)
(10, 18, 23, 26, 31, 39)
(3, 5, 15, 34, 44, 46)
(10, 14, 21, 28, 35, 39)
(16, 21, 23, 26, 28, 33)
(9, 16, 17, 32, 33, 40)
(10, 13, 24, 25, 36, 39)
(10, 17, 21, 28, 32, 39)
(7, 8, 12, 37, 41, 42)
(4, 5, 17, 32, 44, 45)
(14, 16, 19, 30, 33, 35)
(1, 13, 22, 27, 36, 48)
(1, 3, 23, 26, 46, 48)
(2, 15, 21, 28, 34, 47)
(5, 10, 19, 30, 39, 44)
(3, 6, 8, 41, 43, 46)
(2, 4, 21, 28, 45, 47)
(7, 11, 21, 28, 38, 42)
(9, 18, 23, 26, 31, 40)
(12, 13, 17, 32, 36, 37)
(3, 6, 18, 31, 43, 46)
(3, 15, 20, 29, 34, 46)
(2, 5, 20, 29, 44, 47)
(5, 7, 8, 41, 42, 44)
(14, 21, 23, 26, 28, 35)
(5, 7, 14, 35, 42, 44)
(6, 19, 24, 25, 30, 43)
(1, 12, 14, 35, 37, 48)
(1, 10, 11, 38, 39, 48)
(4, 6, 9, 40, 43, 45)
(5, 17, 22, 27, 32, 44)
(9, 10, 11, 38, 39, 40)
(14, 15, 22, 27, 34, 35)
(1, 4, 10, 39, 45, 48)
(9, 14, 22, 27, 35, 40)
(1, 17, 20, 29, 32, 48)
(12, 13, 15, 34, 36, 37)
(3, 19, 23, 26, 30, 46)
(19, 22, 24, 25, 27, 30)
(8, 21, 23, 26, 28, 41)
(6, 7, 20, 29, 42, 43)
(18, 19, 21, 28, 30, 31)
(2, 5, 22, 27, 44, 47)
(4, 17, 24, 25, 32, 45)
(14, 16, 20, 29, 33, 35)
(5, 13, 24, 25, 36, 44)
(2, 7, 24, 25, 42, 47)
(3, 6, 17, 32, 43, 46)
(2, 7, 17, 32, 42, 47)
(3, 12, 16, 33, 37, 46)
(3, 5, 6, 43, 44, 46)
(6, 8, 19, 30, 41, 43)
(2, 5, 9, 40, 44, 47)
(14, 18, 23, 26, 31, 35)
(16, 23, 24, 25, 26, 33)
(4, 9, 22, 27, 40, 45)
(1, 2, 11, 38, 47, 48)
(3, 13, 15, 34, 36, 46)
(3, 8, 22, 27, 41, 46)
(5, 6, 18, 31, 43, 44)
(2, 4, 15, 34, 45, 47)
(1, 15, 18, 31, 34, 48)
(1, 8, 14, 35, 41, 48)
(10, 12, 19, 30, 37, 39)
(5, 21, 23, 26, 28, 44)
(2, 6, 18, 31, 43, 47)
(9, 10, 19, 30, 39, 40)
(14, 19, 23, 26, 30, 35)
(19, 22, 23, 26, 27, 30)
(7, 12, 16, 33, 37, 42)
(10, 11, 14, 35, 38, 39)
(3, 12, 19, 30, 37, 46)
(1, 7, 22, 27, 42, 48)
(7, 14, 16, 33, 35, 42)
(2, 3, 19, 30, 46, 47)
(5, 8, 18, 31, 41, 44)
(6, 8, 11, 38, 41, 43)
(5, 6, 10, 39, 43, 44)
(1, 8, 9, 40, 41, 48)
(11, 14, 15, 34, 35, 38)
(1, 6, 8, 41, 43, 48)
(6, 11, 21, 28, 38, 43)
(12, 14, 19, 30, 35, 37)
(3, 17, 19, 30, 32, 46)
(9, 15, 23, 26, 34, 40)
(6, 12, 22, 27, 37, 43)
(3, 10, 12, 37, 39, 46)
(7, 10, 14, 35, 39, 42)
(9, 11, 18, 31, 38, 40)
(10, 13, 14, 35, 36, 39)
(3, 14, 24, 25, 35, 46)
(8, 23, 24, 25, 26, 41)
(9, 11, 15, 34, 38, 40)
(15, 18, 23, 26, 31, 34)
(7, 14, 19, 30, 35, 42)
(12, 15, 18, 31, 34, 37)
(2, 4, 9, 40, 45, 47)
(3, 11, 18, 31, 38, 46)
(1, 20, 22, 27, 29, 48)
(12, 13, 18, 31, 36, 37)
(2, 12, 18, 31, 37, 47)
(2, 3, 17, 32, 46, 47)
(4, 10, 20, 29, 39, 45)
(6, 12, 21, 28, 37, 43)
(6, 8, 23, 26, 41, 43)
(5, 16, 23, 26, 33, 44)
(10, 15, 23, 26, 34, 39)
(8, 11, 17, 32, 38, 41)
(12, 16, 20, 29, 33, 37)
(5, 7, 9, 40, 42, 44)
(6, 11, 17, 32, 38, 43)
(4, 5, 22, 27, 44, 45)
(6, 10, 15, 34, 39, 43)
(1, 6, 22, 27, 43, 48)
(12, 18, 23, 26, 31, 37)
(1, 16, 21, 28, 33, 48)
(15, 17, 24, 25, 32, 34)
(8, 18, 21, 28, 31, 41)
(3, 4, 24, 25, 45, 46)
(10, 18, 21, 28, 31, 39)
(8, 11, 20, 29, 38, 41)
(2, 10, 19, 30, 39, 47)
(7, 9, 16, 33, 40, 42)
(1, 8, 11, 38, 41, 48)
(4, 14, 20, 29, 35, 45)
(12, 18, 19, 30, 31, 37)
(9, 15, 20, 29, 34, 40)
(11, 18, 19, 30, 31, 38)
(3, 15, 16, 33, 34, 46)
(4, 8, 20, 29, 41, 45)
(4, 7, 21, 28, 42, 45)
(5, 11, 15, 34, 38, 44)
(9, 11, 23, 26, 38, 40)
(8, 11, 22, 27, 38, 41)
(5, 10, 23, 26, 39, 44)
(19, 21, 24, 25, 28, 30)
(6, 12, 14, 35, 37, 43)
(6, 20, 23, 26, 29, 43)
(1, 7, 17, 32, 42, 48)
(2, 14, 17, 32, 35, 47)
(6, 8, 22, 27, 41, 43)
(2, 14, 18, 31, 35, 47)
(4, 6, 23, 26, 43, 45)
(6, 9, 19, 30, 40, 43)
(7, 16, 18, 31, 33, 42)
(14, 20, 23, 26, 29, 35)
(2, 12, 17, 32, 37, 47)
(8, 17, 23, 26, 32, 41)
(10, 11, 19, 30, 38, 39)
(1, 9, 24, 25, 40, 48)
(1, 6, 9, 40, 43, 48)
(6, 14, 18, 31, 35, 43)
(1, 9, 14, 35, 40, 48)
(2, 5, 7, 42, 44, 47)
(4, 7, 15, 34, 42, 45)
(8, 19, 21, 28, 30, 41)
(9, 14, 19, 30, 35, 40)
(2, 8, 11, 38, 41, 47)
(14, 15, 23, 26, 34, 35)
(11, 19, 21, 28, 30, 38)
(3, 22, 23, 26, 27, 46)
(3, 16, 20, 29, 33, 46)
(4, 11, 12, 37, 38, 45)
(10, 15, 21, 28, 34, 39)
(4, 7, 18, 31, 42, 45)
(6, 8, 20, 29, 41, 43)
(2, 10, 15, 34, 39, 47)
(8, 10, 23, 26, 39, 41)
(1, 3, 21, 28, 46, 48)
(3, 4, 5, 44, 45, 46)
(4, 6, 17, 32, 43, 45)
(3, 17, 18, 31, 32, 46)
(9, 12, 22, 27, 37, 40)
(3, 8, 21, 28, 41, 46)
(6, 9, 16, 33, 40, 43)
(10, 13, 22, 27, 36, 39)
(9, 10, 16, 33, 39, 40)
(5, 14, 20, 29, 35, 44)
(11, 15, 20, 29, 34, 38)
(1, 11, 14, 35, 38, 48)
(7, 15, 16, 33, 34, 42)
(10, 12, 22, 27, 37, 39)
(4, 8, 16, 33, 41, 45)
(5, 17, 20, 29, 32, 44)
(2, 7, 23, 26, 42, 47)
(1, 3, 10, 39, 46, 48)
(3, 12, 14, 35, 37, 46)
(6, 8, 21, 28, 41, 43)
(2, 5, 24, 25, 44, 47)
(1, 4, 14, 35, 45, 48)
(9, 11, 21, 28, 38, 40)
(4, 13, 17, 32, 36, 45)
(1, 5, 9, 40, 44, 48)
(12, 13, 14, 35, 36, 37)
(16, 18, 24, 25, 31, 33)
(1, 10, 12, 37, 39, 48)
(6, 10, 12, 37, 39, 43)
(7, 13, 19, 30, 36, 42)
(7, 15, 19, 30, 34, 42)
(1, 4, 13, 36, 45, 48)
(6, 12, 16, 33, 37, 43)
(1, 18, 21, 28, 31, 48)
(9, 11, 22, 27, 38, 40)
(8, 19, 23, 26, 30, 41)
(7, 8, 22, 27, 41, 42)
(4, 7, 12, 37, 42, 45)
(5, 8, 23, 26, 41, 44)
(1, 2, 24, 25, 47, 48)
(2, 9, 10, 39, 40, 47)
(3, 8, 24, 25, 41, 46)
(12, 19, 21, 28, 30, 37)
(7, 12, 19, 30, 37, 42)
(8, 12, 14, 35, 37, 41)
(3, 13, 17, 32, 36, 46)
(10, 12, 17, 32, 37, 39)
(7, 20, 21, 28, 29, 42)
(4, 6, 8, 41, 43, 45)
(11, 12, 16, 33, 37, 38)
(2, 3, 16, 33, 46, 47)
(2, 13, 17, 32, 36, 47)
(2, 11, 19, 30, 38, 47)
(7, 8, 17, 32, 41, 42)
(12, 20, 24, 25, 29, 37)
(3, 4, 13, 36, 45, 46)
(1, 18, 22, 27, 31, 48)
(2, 6, 14, 35, 43, 47)
(16, 20, 22, 27, 29, 33)
(1, 12, 21, 28, 37, 48)
(13, 20, 22, 27, 29, 36)
(7, 10, 17, 32, 39, 42)
(5, 18, 20, 29, 31, 44)
(2, 7, 13, 36, 42, 47)
(2, 19, 22, 27, 30, 47)
(7, 14, 23, 26, 35, 42)
(7, 15, 23, 26, 34, 42)
(2, 10, 18, 31, 39, 47)
(4, 14, 17, 32, 35, 45)
(1, 2, 14, 35, 47, 48)
(2, 21, 24, 25, 28, 47)
(7, 9, 23, 26, 40, 42)
(11, 14, 23, 26, 35, 38)
(1, 3, 11, 38, 46, 48)
(20, 21, 22, 27, 28, 29)
(10, 11, 16, 33, 38, 39)
(2, 9, 23, 26, 40, 47)
(1, 11, 21, 28, 38, 48)
(6, 9, 12, 37, 40, 43)
(7, 13, 23, 26, 36, 42)
(10, 17, 19, 30, 32, 39)
(12, 15, 23, 26, 34, 37)
(13, 14, 19, 30, 35, 36)
(1, 14, 15, 34, 35, 48)
(4, 18, 24, 25, 31, 45)
(6, 21, 23, 26, 28, 43)
(2, 18, 20, 29, 31, 47)
(6, 8, 24, 25, 41, 43)
(8, 11, 14, 35, 38, 41)
(1, 3, 15, 34, 46, 48)
(1, 5, 8, 41, 44, 48)
(1, 9, 11, 38, 40, 48)
(3, 7, 20, 29, 42, 46)
(4, 13, 24, 25, 36, 45)
(5, 12, 24, 25, 37, 44)
(19, 21, 23, 26, 28, 30)
(8, 13, 15, 34, 36, 41)
(3, 5, 13, 36, 44, 46)
(9, 22, 23, 26, 27, 40)
(7, 9, 13, 36, 40, 42)
(16, 19, 23, 26, 30, 33)
(3, 6, 9, 40, 43, 46)
(5, 8, 17, 32, 41, 44)
(5, 14, 23, 26, 35, 44)
(7, 13, 18, 31, 36, 42)
(4, 7, 10, 39, 42, 45)
(1, 8, 13, 36, 41, 48)
(4, 13, 18, 31, 36, 45)
(5, 9, 13, 36, 40, 44)
(6, 17, 20, 29, 32, 43)
(4, 9, 17, 32, 40, 45)
(15, 16, 20, 29, 33, 34)
(7, 10, 23, 26, 39, 42)
(8, 10, 21, 28, 39, 41)
(18, 19, 22, 27, 30, 31)
(1, 14, 17, 32, 35, 48)
(4, 5, 21, 28, 44, 45)
(7, 8, 15, 34, 41, 42)
(2, 10, 16, 33, 39, 47)
(3, 4, 20, 29, 45, 46)
(3, 10, 20, 29, 39, 46)
(9, 13, 16, 33, 36, 40)
(9, 13, 23, 26, 36, 40)
(16, 17, 24, 25, 32, 33)
(7, 10, 18, 31, 39, 42)
(2, 23, 24, 25, 26, 47)
(9, 15, 18, 31, 34, 40)
(2, 4, 19, 30, 45, 47)
(4, 16, 17, 32, 33, 45)
(1, 7, 20, 29, 42, 48)
(9, 13, 22, 27, 36, 40)
(5, 16, 18, 31, 33, 44)
(4, 5, 10, 39, 44, 45)
(10, 11, 18, 31, 38, 39)
(12, 20, 22, 27, 29, 37)
(12, 17, 22, 27, 32, 37)
(5, 22, 23, 26, 27, 44)
(4, 17, 21, 28, 32, 45)
(2, 19, 23, 26, 30, 47)
(3, 8, 19, 30, 41, 46)
(6, 9, 10, 39, 40, 43)
(2, 8, 24, 25, 41, 47)
(8, 13, 14, 35, 36, 41)
(12, 14, 17, 32, 35, 37)
(13, 16, 20, 29, 33, 36)
(17, 18, 21, 28, 31, 32)
(9, 15, 22, 27, 34, 40)
(2, 13, 16, 33, 36, 47)
(2, 19, 21, 28, 30, 47)
(9, 14, 23, 26, 35, 40)
(2, 7, 14, 35, 42, 47)
(11, 16, 21, 28, 33, 38)
(6, 10, 21, 28, 39, 43)
(5, 22, 24, 25, 27, 44)
(12, 21, 23, 26, 28, 37)
(1, 10, 17, 32, 39, 48)
(10, 12, 24, 25, 37, 39)
(3, 12, 17, 32, 37, 46)
(11, 15, 22, 27, 34, 38)
(8, 12, 17, 32, 37, 41)
(11, 18, 21, 28, 31, 38)
(4, 7, 14, 35, 42, 45)
(3, 9, 13, 36, 40, 46)
(11, 15, 19, 30, 34, 38)
(10, 12, 15, 34, 37, 39)
(2, 9, 12, 37, 40, 47)
(2, 6, 10, 39, 43, 47)
(6, 7, 13, 36, 42, 43)
(8, 11, 23, 26, 38, 41)
(4, 5, 19, 30, 44, 45)
(10, 20, 21, 28, 29, 39)
(8, 15, 23, 26, 34, 41)
(13, 15, 19, 30, 34, 36)
(6, 15, 19, 30, 34, 43)
(3, 9, 23, 26, 40, 46)
(6, 8, 15, 34, 41, 43)
(4, 12, 24, 25, 37, 45)
(5, 16, 22, 27, 33, 44)
(6, 7, 22, 27, 42, 43)
(5, 8, 11, 38, 41, 44)
(1, 14, 22, 27, 35, 48)
(2, 16, 21, 28, 33, 47)
(7, 14, 17, 32, 35, 42)
(11, 16, 19, 30, 33, 38)
(1, 8, 20, 29, 41, 48)
(15, 20, 24, 25, 29, 34)
(14, 18, 20, 29, 31, 35)
(1, 6, 18, 31, 43, 48)
(2, 13, 23, 26, 36, 47)
(4, 6, 16, 33, 43, 45)
(5, 7, 16, 33, 42, 44)
(2, 9, 20, 29, 40, 47)
(2, 20, 21, 28, 29, 47)
(5, 17, 24, 25, 32, 44)
(8, 18, 22, 27, 31, 41)
(1, 14, 21, 28, 35, 48)
(6, 19, 23, 26, 30, 43)
(3, 7, 11, 38, 42, 46)
(4, 6, 11, 38, 43, 45)
(2, 13, 14, 35, 36, 47)
(4, 6, 19, 30, 43, 45)
(2, 12, 21, 28, 37, 47)
(2, 22, 24, 25, 27, 47)
(7, 17, 22, 27, 32, 42)
(4, 10, 15, 34, 39, 45)
(15, 16, 21, 28, 33, 34)
(3, 18, 23, 26, 31, 46)
(8, 13, 19, 30, 36, 41)
(12, 14, 20, 29, 35, 37)
(1, 4, 24, 25, 45, 48)
(3, 15, 17, 32, 34, 46)
(15, 19, 20, 29, 30, 34)
(3, 4, 18, 31, 45, 46)
(8, 10, 17, 32, 39, 41)
(6, 7, 24, 25, 42, 43)
(1, 3, 24, 25, 46, 48)
(6, 8, 14, 35, 41, 43)
(12, 19, 22, 27, 30, 37)
(4, 10, 11, 38, 39, 45)
(6, 17, 21, 28, 32, 43)
(1, 9, 18, 31, 40, 48)
(10, 17, 23, 26, 32, 39)
(1, 4, 20, 29, 45, 48)
(1, 8, 21, 28, 41, 48)
(9, 12, 20, 29, 37, 40)
(6, 17, 22, 27, 32, 43)
(8, 17, 20, 29, 32, 41)
(5, 17, 23, 26, 32, 44)
(8, 21, 22, 27, 28, 41)
(12, 17, 24, 25, 32, 37)
(10, 14, 20, 29, 35, 39)
(2, 5, 6, 43, 44, 47)
(10, 23, 24, 25, 26, 39)
(8, 13, 20, 29, 36, 41)
(9, 17, 21, 28, 32, 40)
(5, 15, 23, 26, 34, 44)
(13, 16, 24, 25, 33, 36)
(3, 11, 13, 36, 38, 46)
(12, 13, 23, 26, 36, 37)
(2, 15, 19, 30, 34, 47)
(3, 9, 20, 29, 40, 46)
(8, 9, 23, 26, 40, 41)
(13, 14, 16, 33, 35, 36)
(12, 14, 18, 31, 35, 37)
(1, 7, 15, 34, 42, 48)
(3, 21, 22, 27, 28, 46)
(10, 15, 17, 32, 34, 39)
(1, 5, 14, 35, 44, 48)
(6, 7, 8, 41, 42, 43)
(15, 17, 21, 28, 32, 34)
(9, 10, 13, 36, 39, 40)
(6, 13, 18, 31, 36, 43)
(4, 18, 22, 27, 31, 45)
(6, 16, 24, 25, 33, 43)
(7, 16, 24, 25, 33, 42)
(5, 6, 17, 32, 43, 44)
(1, 4, 22, 27, 45, 48)
(2, 14, 19, 30, 35, 47)
(5, 14, 24, 25, 35, 44)
(4, 11, 19, 30, 38, 45)
(9, 12, 13, 36, 37, 40)
(4, 10, 19, 30, 39, 45)
(2, 6, 23, 26, 43, 47)
(4, 20, 24, 25, 29, 45)
(3, 11, 23, 26, 38, 46)
(14, 17, 23, 26, 32, 35)
(14, 18, 21, 28, 31, 35)
(4, 10, 21, 28, 39, 45)
(6, 17, 23, 26, 32, 43)
(11, 14, 24, 25, 35, 38)
(5, 10, 15, 34, 39, 44)
(9, 12, 16, 33, 37, 40)
(3, 11, 14, 35, 38, 46)
(13, 16, 17, 32, 33, 36)
(9, 21, 22, 27, 28, 40)
(2, 9, 24, 25, 40, 47)
(3, 20, 21, 28, 29, 46)
(2, 3, 5, 44, 46, 47)
(9, 16, 20, 29, 33, 40)
(1, 10, 16, 33, 39, 48)
(7, 8, 11, 38, 41, 42)
(7, 10, 13, 36, 39, 42)
(10, 15, 24, 25, 34, 39)
(5, 13, 16, 33, 36, 44)
(3, 5, 24, 25, 44, 46)
(2, 6, 17, 32, 43, 47)
(7, 13, 22, 27, 36, 42)
(6, 16, 23, 26, 33, 43)
(3, 11, 12, 37, 38, 46)
(10, 16, 22, 27, 33, 39)
(1, 4, 6, 43, 45, 48)
(2, 16, 23, 26, 33, 47)
(7, 13, 24, 25, 36, 42)
(11, 12, 19, 30, 37, 38)
(1, 18, 20, 29, 31, 48)
(3, 7, 15, 34, 42, 46)
(4, 6, 12, 37, 43, 45)
(8, 12, 24, 25, 37, 41)
(1, 5, 21, 28, 44, 48)
(3, 20, 22, 27, 29, 46)
(1, 10, 19, 30, 39, 48)
(6, 7, 10, 39, 42, 43)
(2, 12, 24, 25, 37, 47)
(11, 16, 20, 29, 33, 38)
(6, 11, 14, 35, 38, 43)
(16, 19, 24, 25, 30, 33)
(12, 13, 19, 30, 36, 37)
(4, 16, 19, 30, 33, 45)
(8, 11, 12, 37, 38, 41)
(8, 18, 23, 26, 31, 41)
(11, 14, 18, 31, 35, 38)
(16, 18, 21, 28, 31, 33)
(4, 15, 21, 28, 34, 45)
(10, 18, 20, 29, 31, 39)
(8, 10, 22, 27, 39, 41)
(15, 16, 17, 32, 33, 34)
(9, 10, 24, 25, 39, 40)
(3, 13, 22, 27, 36, 46)
(1, 9, 13, 36, 40, 48)
(2, 19, 20, 29, 30, 47)
(1, 7, 8, 41, 42, 48)
(12, 16, 24, 25, 33, 37)
(9, 18, 21, 28, 31, 40)
(14, 21, 22, 27, 28, 35)
(3, 8, 23, 26, 41, 46)
(4, 8, 12, 37, 41, 45)
(8, 16, 18, 31, 33, 41)
(14, 15, 20, 29, 34, 35)
(4, 9, 16, 33, 40, 45)
(4, 8, 13, 36, 41, 45)
(5, 9, 11, 38, 40, 44)
(5, 11, 17, 32, 38, 44)
(8, 17, 22, 27, 32, 41)
(10, 22, 24, 25, 27, 39)
(5, 6, 12, 37, 43, 44)
(12, 23, 24, 25, 26, 37)
(3, 13, 21, 28, 36, 46)
(2, 9, 18, 31, 40, 47)
(1, 6, 10, 39, 43, 48)
(2, 14, 24, 25, 35, 47)
(10, 16, 18, 31, 33, 39)
(1, 2, 13, 36, 47, 48)
(6, 8, 12, 37, 41, 43)
(2, 8, 21, 28, 41, 47)
(5, 14, 17, 32, 35, 44)
(11, 19, 24, 25, 30, 38)
(1, 12, 17, 32, 37, 48)
(3, 10, 17, 32, 39, 46)
(7, 11, 12, 37, 38, 42)
(2, 12, 20, 29, 37, 47)
(18, 22, 23, 26, 27, 31)
(4, 11, 21, 28, 38, 45)
(6, 15, 18, 31, 34, 43)
(12, 15, 22, 27, 34, 37)
(9, 11, 19, 30, 38, 40)
(4, 5, 23, 26, 44, 45)
(1, 15, 16, 33, 34, 48)
(2, 15, 23, 26, 34, 47)
(20, 21, 24, 25, 28, 29)
(5, 12, 18, 31, 37, 44)
(14, 20, 21, 28, 29, 35)
(3, 7, 21, 28, 42, 46)
(4, 6, 10, 39, 43, 45)
(4, 17, 23, 26, 32, 45)
(1, 16, 22, 27, 33, 48)
(6, 11, 22, 27, 38, 43)
(8, 13, 22, 27, 36, 41)
(14, 20, 22, 27, 29, 35)
(2, 3, 7, 42, 46, 47)
(3, 14, 23, 26, 35, 46)
(7, 8, 21, 28, 41, 42)
(2, 18, 24, 25, 31, 47)
(4, 8, 24, 25, 41, 45)
(7, 11, 20, 29, 38, 42)
(7, 8, 24, 25, 41, 42)
(10, 18, 24, 25, 31, 39)
(2, 16, 22, 27, 33, 47)
(2, 17, 19, 30, 32, 47)
(6, 11, 18, 31, 38, 43)
(6, 21, 22, 27, 28, 43)
(1, 5, 13, 36, 44, 48)
(9, 16, 22, 27, 33, 40)
(16, 22, 23, 26, 27, 33)
(13, 18, 22, 27, 31, 36)
(5, 21, 22, 27, 28, 44)
(15, 17, 23, 26, 32, 34)
(3, 16, 19, 30, 33, 46)
(5, 11, 13, 36, 38, 44)
(14, 17, 19, 30, 32, 35)
(1, 12, 24, 25, 37, 48)
(2, 7, 20, 29, 42, 47)
(9, 11, 17, 32, 38, 40)
(13, 14, 20, 29, 35, 36)
(12, 17, 20, 29, 32, 37)
(12, 15, 24, 25, 34, 37)
(5, 9, 17, 32, 40, 44)
(1, 4, 7, 42, 45, 48)
(7, 15, 17, 32, 34, 42)
(3, 12, 21, 28, 37, 46)
(6, 16, 21, 28, 33, 43)
(4, 13, 22, 27, 36, 45)
(2, 6, 16, 33, 43, 47)
(2, 16, 18, 31, 33, 47)
(5, 6, 19, 30, 43, 44)
(6, 7, 12, 37, 42, 43)
(7, 8, 10, 39, 41, 42)
(3, 6, 24, 25, 43, 46)
(14, 22, 23, 26, 27, 35)
(5, 6, 24, 25, 43, 44)
(10, 18, 22, 27, 31, 39)
(5, 19, 22, 27, 30, 44)
(5, 14, 19, 30, 35, 44)
(10, 13, 18, 31, 36, 39)
(6, 7, 11, 38, 42, 43)
(2, 3, 10, 39, 46, 47)
(1, 2, 18, 31, 47, 48)
(2, 16, 24, 25, 33, 47)
(2, 5, 14, 35, 44, 47)
(15, 22, 23, 26, 27, 34)
(2, 4, 16, 33, 45, 47)
(8, 13, 18, 31, 36, 41)
(1, 12, 19, 30, 37, 48)
(15, 18, 24, 25, 31, 34)
(20, 22, 23, 26, 27, 29)
(1, 9, 22, 27, 40, 48)
(3, 6, 20, 29, 43, 46)
(5, 16, 19, 30, 33, 44)
(1, 2, 15, 34, 47, 48)
(8, 9, 17, 32, 40, 41)
(6, 13, 20, 29, 36, 43)
(11, 14, 17, 32, 35, 38)
(5, 9, 19, 30, 40, 44)
(6, 13, 24, 25, 36, 43)
(3, 5, 23, 26, 44, 46)
(4, 6, 20, 29, 43, 45)
(12, 14, 24, 25, 35, 37)
(4, 10, 24, 25, 39, 45)
(8, 17, 21, 28, 32, 41)
(1, 13, 18, 31, 36, 48)
(2, 8, 9, 40, 41, 47)
(6, 22, 24, 25, 27, 43)
(11, 20, 23, 26, 29, 38)
(5, 6, 15, 34, 43, 44)
(18, 19, 23, 26, 30, 31)
(6, 11, 19, 30, 38, 43)
(5, 18, 22, 27, 31, 44)
(6, 16, 19, 30, 33, 43)
(5, 14, 21, 28, 35, 44)
(1, 18, 23, 26, 31, 48)
(3, 4, 21, 28, 45, 46)
(6, 9, 21, 28, 40, 43)
(13, 19, 20, 29, 30, 36)
(5, 12, 23, 26, 37, 44)
(12, 18, 20, 29, 31, 37)
(16, 17, 21, 28, 32, 33)
(6, 8, 13, 36, 41, 43)
(15, 18, 19, 30, 31, 34)
(15, 17, 19, 30, 32, 34)
(2, 13, 21, 28, 36, 47)
(3, 5, 20, 29, 44, 46)
(12, 15, 20, 29, 34, 37)
(11, 19, 23, 26, 30, 38)
(5, 11, 23, 26, 38, 44)
(10, 19, 24, 25, 30, 39)
(6, 18, 20, 29, 31, 43)
(8, 17, 24, 25, 32, 41)
(3, 10, 24, 25, 39, 46)
(5, 18, 24, 25, 31, 44)
(7, 10, 20, 29, 39, 42)
(4, 18, 21, 28, 31, 45)
(17, 20, 21, 28, 29, 32)
(13, 17, 23, 26, 32, 36)
(17, 18, 22, 27, 31, 32)
(7, 19, 20, 29, 30, 42)
(5, 12, 20, 29, 37, 44)
(2, 10, 14, 35, 39, 47)
(4, 5, 24, 25, 44, 45)
(8, 9, 11, 38, 40, 41)
(16, 20, 21, 28, 29, 33)
(2, 3, 4, 45, 46, 47)
(1, 10, 21, 28, 39, 48)
(4, 8, 10, 39, 41, 45)
(2, 3, 15, 34, 46, 47)
(12, 17, 18, 31, 32, 37)
(2, 4, 22, 27, 45, 47)
(9, 13, 24, 25, 36, 40)
(10, 12, 13, 36, 37, 39)
(16, 19, 22, 27, 30, 33)
(7, 11, 24, 25, 38, 42)
(1, 3, 17, 32, 46, 48)
(6, 11, 23, 26, 38, 43)
(7, 9, 19, 30, 40, 42)
(10, 16, 24, 25, 33, 39)
(18, 20, 21, 28, 29, 31)
(11, 15, 21, 28, 34, 38)
(6, 8, 18, 31, 41, 43)
(11, 18, 23, 26, 31, 38)
(4, 11, 17, 32, 38, 45)
(5, 17, 21, 28, 32, 44)
(9, 10, 14, 35, 39, 40)
(11, 21, 24, 25, 28, 38)
(5, 16, 24, 25, 33, 44)
(7, 11, 17, 32, 38, 42)
(1, 4, 23, 26, 45, 48)
(10, 13, 17, 32, 36, 39)
(6, 9, 17, 32, 40, 43)
(5, 9, 22, 27, 40, 44)
(6, 8, 16, 33, 41, 43)
(13, 16, 19, 30, 33, 36)
(4, 18, 23, 26, 31, 45)
(2, 11, 24, 25, 38, 47)
(1, 12, 16, 33, 37, 48)
(9, 20, 22, 27, 29, 40)
(7, 8, 20, 29, 41, 42)
(3, 12, 20, 29, 37, 46)
(3, 4, 19, 30, 45, 46)
(8, 17, 18, 31, 32, 41)
(10, 12, 20, 29, 37, 39)
(1, 20, 21, 28, 29, 48)
(4, 12, 23, 26, 37, 45)
(4, 9, 14, 35, 40, 45)
(8, 14, 16, 33, 35, 41)
(16, 19, 20, 29, 30, 33)
(8, 11, 24, 25, 38, 41)
(12, 13, 20, 29, 36, 37)
(5, 19, 24, 25, 30, 44)
(6, 9, 18, 31, 40, 43)
(1, 7, 24, 25, 42, 48)
(3, 5, 8, 41, 44, 46)
(3, 20, 24, 25, 29, 46)
(11, 15, 23, 26, 34, 38)
(7, 18, 22, 27, 31, 42)
(2, 4, 5, 44, 45, 47)
(5, 9, 20, 29, 40, 44)
(4, 19, 24, 25, 30, 45)
(3, 7, 8, 41, 42, 46)
(4, 14, 15, 34, 35, 45)
(5, 11, 16, 33, 38, 44)
(10, 21, 22, 27, 28, 39)
(3, 8, 12, 37, 41, 46)
(13, 14, 21, 28, 35, 36)
(3, 16, 18, 31, 33, 46)
(4, 11, 24, 25, 38, 45)
(5, 7, 22, 27, 42, 44)
(2, 17, 24, 25, 32, 47)
(4, 15, 19, 30, 34, 45)
(1, 3, 19, 30, 46, 48)
(2, 6, 15, 34, 43, 47)
(6, 10, 18, 31, 39, 43)
(4, 12, 14, 35, 37, 45)
(8, 14, 19, 30, 35, 41)
(1, 2, 22, 27, 47, 48)
(13, 14, 18, 31, 35, 36)
(2, 16, 17, 32, 33, 47)
(1, 2, 8, 41, 47, 48)
(1, 14, 16, 33, 35, 48)
(2, 11, 22, 27, 38, 47)
(3, 15, 19, 30, 34, 46)
(10, 20, 23, 26, 29, 39)
(11, 17, 18, 31, 32, 38)
(1, 14, 18, 31, 35, 48)
(8, 14, 21, 28, 35, 41)
(3, 6, 12, 37, 43, 46)
(12, 20, 21, 28, 29, 37)
(1, 21, 24, 25, 28, 48)
(5, 7, 23, 26, 42, 44)
(5, 10, 17, 32, 39, 44)
(14, 15, 24, 25, 34, 35)
(3, 17, 24, 25, 32, 46)
(1, 14, 23, 26, 35, 48)
(1, 9, 15, 34, 40, 48)
(10, 15, 16, 33, 34, 39)
(1, 15, 19, 30, 34, 48)
(7, 12, 13, 36, 37, 42)
(2, 11, 14, 35, 38, 47)
(5, 18, 21, 28, 31, 44)
(2, 11, 16, 33, 38, 47)
(8, 10, 12, 37, 39, 41)
(3, 21, 24, 25, 28, 46)
(11, 22, 24, 25, 27, 38)
(15, 18, 22, 27, 31, 34)
(11, 12, 17, 32, 37, 38)
(8, 9, 12, 37, 40, 41)
(2, 9, 19, 30, 40, 47)
(3, 5, 21, 28, 44, 46)
(3, 14, 17, 32, 35, 46)
(12, 13, 22, 27, 36, 37)
(3, 4, 22, 27, 45, 46)
(3, 15, 21, 28, 34, 46)
(1, 5, 10, 39, 44, 48)
(4, 19, 20, 29, 30, 45)
(2, 7, 11, 38, 42, 47)
(4, 13, 20, 29, 36, 45)
(3, 4, 8, 41, 45, 46)
(10, 21, 23, 26, 28, 39)
(2, 5, 10, 39, 44, 47)
(7, 16, 21, 28, 33, 42)
(1, 16, 24, 25, 33, 48)
(7, 10, 11, 38, 39, 42)
(7, 11, 19, 30, 38, 42)
(9, 18, 22, 27, 31, 40)
(3, 15, 18, 31, 34, 46)
(14, 18, 24, 25, 31, 35)
(16, 18, 23, 26, 31, 33)
(15, 18, 21, 28, 31, 34)
(13, 18, 23, 26, 31, 36)
(6, 15, 24, 25, 34, 43)
(11, 13, 20, 29, 36, 38)
(9, 13, 21, 28, 36, 40)
(4, 10, 16, 33, 39, 45)
(3, 9, 10, 39, 40, 46)
(12, 16, 17, 32, 33, 37)
(3, 6, 22, 27, 43, 46)
(3, 12, 23, 26, 37, 46)
(11, 13, 16, 33, 36, 38)
(4, 5, 18, 31, 44, 45)
(6, 12, 20, 29, 37, 43)
(5, 6, 11, 38, 43, 44)
(7, 20, 22, 27, 29, 42)
(10, 13, 20, 29, 36, 39)
(2, 15, 16, 33, 34, 47)
(2, 12, 23, 26, 37, 47)
(3, 9, 14, 35, 40, 46)
(12, 13, 16, 33, 36, 37)
(2, 3, 8, 41, 46, 47)
(4, 19, 22, 27, 30, 45)
(1, 3, 16, 33, 46, 48)
(3, 5, 22, 27, 44, 46)
(1, 19, 23, 26, 30, 48)
(8, 11, 15, 34, 38, 41)
(2, 4, 24, 25, 45, 47)
(1, 2, 19, 30, 47, 48)
(7, 11, 16, 33, 38, 42)
(2, 3, 23, 26, 46, 47)
(17, 20, 23, 26, 29, 32)
(1, 3, 14, 35, 46, 48)
(4, 8, 11, 38, 41, 45)
(11, 13, 23, 26, 36, 38)
(11, 15, 17, 32, 34, 38)
(1, 7, 18, 31, 42, 48)
(5, 7, 24, 25, 42, 44)
(1, 13, 24, 25, 36, 48)
(13, 16, 23, 26, 33, 36)
(4, 8, 21, 28, 41, 45)
(5, 13, 19, 30, 36, 44)
(7, 19, 22, 27, 30, 42)
(13, 20, 21, 28, 29, 36)
(2, 7, 9, 40, 42, 47)
(4, 6, 14, 35, 43, 45)
(6, 16, 17, 32, 33, 43)
(2, 9, 22, 27, 40, 47)
(6, 7, 18, 31, 42, 43)
(1, 7, 14, 35, 42, 48)
(3, 8, 16, 33, 41, 46)
(5, 13, 14, 35, 36, 44)
(3, 19, 22, 27, 30, 46)
(19, 20, 24, 25, 29, 30)
(20, 22, 24, 25, 27, 29)
(1, 5, 7, 42, 44, 48)
(2, 18, 23, 26, 31, 47)
(2, 10, 23, 26, 39, 47)
(2, 16, 19, 30, 33, 47)
(11, 14, 21, 28, 35, 38)
(20, 23, 24, 25, 26, 29)
(2, 13, 22, 27, 36, 47)
(4, 16, 24, 25, 33, 45)
(1, 15, 23, 26, 34, 48)
(10, 21, 24, 25, 28, 39)
(3, 10, 13, 36, 39, 46)
(13, 17, 19, 30, 32, 36)
(4, 21, 23, 26, 28, 45)
(6, 9, 22, 27, 40, 43)
(9, 20, 24, 25, 29, 40)
(9, 16, 24, 25, 33, 40)
(7, 18, 24, 25, 31, 42)
(3, 6, 23, 26, 43, 46)
(8, 18, 20, 29, 31, 41)
(3, 6, 21, 28, 43, 46)
(4, 12, 18, 31, 37, 45)
(4, 21, 22, 27, 28, 45)
(12, 14, 16, 33, 35, 37)
(14, 19, 21, 28, 30, 35)
(21, 23, 24, 25, 26, 28)
(8, 14, 18, 31, 35, 41)
(8, 16, 23, 26, 33, 41)
(2, 8, 20, 29, 41, 47)
(13, 20, 24, 25, 29, 36)
(1, 12, 20, 29, 37, 48)
(3, 7, 19, 30, 42, 46)
(2, 10, 22, 27, 39, 47)
(2, 8, 17, 32, 41, 47)
(7, 11, 13, 36, 38, 42)
(6, 11, 16, 33, 38, 43)
(13, 15, 18, 31, 34, 36)
(1, 5, 24, 25, 44, 48)
(1, 19, 24, 25, 30, 48)
(10, 17, 18, 31, 32, 39)
(1, 16, 17, 32, 33, 48)
(4, 9, 18, 31, 40, 45)
(5, 7, 17, 32, 42, 44)
(2, 3, 20, 29, 46, 47)
(11, 20, 21, 28, 29, 38)
(10, 11, 12, 37, 38, 39)
(6, 15, 21, 28, 34, 43)
(3, 16, 21, 28, 33, 46)
(3, 15, 22, 27, 34, 46)
(3, 18, 24, 25, 31, 46)
(3, 19, 21, 28, 30, 46)
(17, 21, 22, 27, 28, 32)
(7, 10, 24, 25, 39, 42)
(2, 13, 15, 34, 36, 47)
(3, 8, 13, 36, 41, 46)
(6, 13, 14, 35, 36, 43)
(3, 5, 18, 31, 44, 46)
(4, 9, 21, 28, 40, 45)
(3, 10, 11, 38, 39, 46)
(1, 17, 24, 25, 32, 48)
(3, 11, 24, 25, 38, 46)
(2, 5, 21, 28, 44, 47)
(13, 14, 17, 32, 35, 36)
(3, 8, 15, 34, 41, 46)
(5, 13, 21, 28, 36, 44)
(1, 5, 19, 30, 44, 48)
(9, 13, 15, 34, 36, 40)
(1, 6, 20, 29, 43, 48)
(1, 5, 15, 34, 44, 48)
(1, 2, 12, 37, 47, 48)
(1, 5, 20, 29, 44, 48)
(1, 19, 20, 29, 30, 48)
(6, 11, 20, 29, 38, 43)
(3, 13, 24, 25, 36, 46)
(1, 5, 22, 27, 44, 48)
(2, 6, 22, 27, 43, 47)
(17, 18, 19, 30, 31, 32)
(9, 13, 17, 32, 36, 40)
(9, 20, 21, 28, 29, 40)
(2, 10, 24, 25, 39, 47)
(13, 22, 24, 25, 27, 36)
(14, 16, 24, 25, 33, 35)
(1, 20, 23, 26, 29, 48)
(5, 18, 19, 30, 31, 44)
(2, 7, 10, 39, 42, 47)
(10, 20, 22, 27, 29, 39)
(1, 8, 24, 25, 41, 48)
(2, 11, 13, 36, 38, 47)
(14, 16, 22, 27, 33, 35)
(9, 19, 24, 25, 30, 40)
(2, 9, 21, 28, 40, 47)
(5, 11, 20, 29, 38, 44)
(12, 15, 21, 28, 34, 37)
(8, 20, 24, 25, 29, 41)
(4, 7, 16, 33, 42, 45)
(3, 17, 20, 29, 32, 46)
(11, 17, 21, 28, 32, 38)
(2, 9, 16, 33, 40, 47)
(2, 3, 11, 38, 46, 47)
(14, 21, 24, 25, 28, 35)
(3, 14, 20, 29, 35, 46)
(14, 16, 23, 26, 33, 35)
(2, 15, 18, 31, 34, 47)
(5, 6, 9, 40, 43, 44)
(1, 4, 12, 37, 45, 48)
(7, 17, 20, 29, 32, 42)
(15, 20, 21, 28, 29, 34)
(9, 14, 20, 29, 35, 40)
(2, 18, 19, 30, 31, 47)
(4, 12, 22, 27, 37, 45)
(7, 23, 24, 25, 26, 42)
(12, 22, 23, 26, 27, 37)
(2, 8, 14, 35, 41, 47)
(6, 22, 23, 26, 27, 43)
(1, 19, 22, 27, 30, 48)
(17, 21, 24, 25, 28, 32)
(4, 16, 22, 27, 33, 45)
(4, 17, 22, 27, 32, 45)
(7, 8, 18, 31, 41, 42)
(7, 15, 24, 25, 34, 42)
(8, 11, 16, 33, 38, 41)
(15, 21, 24, 25, 28, 34)
(10, 19, 21, 28, 30, 39)
(11, 21, 23, 26, 28, 38)
(6, 10, 17, 32, 39, 43)
(5, 17, 19, 30, 32, 44)
(9, 12, 24, 25, 37, 40)
(3, 12, 18, 31, 37, 46)
(15, 23, 24, 25, 26, 34)
(7, 12, 24, 25, 37, 42)
(17, 20, 24, 25, 29, 32)
(8, 15, 22, 27, 34, 41)
(12, 19, 24, 25, 30, 37)
(4, 9, 10, 39, 40, 45)
(7, 12, 21, 28, 37, 42)
(4, 17, 19, 30, 32, 45)
(5, 12, 22, 27, 37, 44)
(6, 13, 23, 26, 36, 43)
(1, 9, 17, 32, 40, 48)
(7, 16, 19, 30, 33, 42)
(11, 17, 19, 30, 32, 38)
(1, 6, 15, 34, 43, 48)
(10, 22, 23, 26, 27, 39)
(1, 2, 21, 28, 47, 48)
(6, 14, 17, 32, 35, 43)
(1, 5, 18, 31, 44, 48)
(4, 16, 23, 26, 33, 45)
(2, 18, 21, 28, 31, 47)
(3, 5, 12, 37, 44, 46)
(2, 20, 24, 25, 29, 47)
(13, 14, 24, 25, 35, 36)
(5, 15, 19, 30, 34, 44)
(10, 12, 21, 28, 37, 39)
(3, 17, 22, 27, 32, 46)
(1, 10, 15, 34, 39, 48)
(12, 17, 21, 28, 32, 37)
(1, 14, 24, 25, 35, 48)
(16, 21, 22, 27, 28, 33)
(6, 10, 16, 33, 39, 43)
(8, 9, 20, 29, 40, 41)
(8, 12, 21, 28, 37, 41)
(1, 22, 24, 25, 27, 48)
(4, 7, 22, 27, 42, 45)
(2, 15, 24, 25, 34, 47)
(2, 14, 22, 27, 35, 47)
(4, 5, 13, 36, 44, 45)
(7, 16, 17, 32, 33, 42)
(1, 2, 23, 26, 47, 48)
(4, 22, 24, 25, 27, 45)
(5, 7, 10, 39, 42, 44)
(9, 22, 24, 25, 27, 40)
(9, 13, 20, 29, 36, 40)
(3, 9, 16, 33, 40, 46)
(6, 18, 23, 26, 31, 43)
(5, 6, 21, 28, 43, 44)
(6, 12, 17, 32, 37, 43)
(9, 11, 24, 25, 38, 40)
(2, 17, 23, 26, 32, 47)
(3, 7, 17, 32, 42, 46)
(8, 16, 20, 29, 33, 41)
(1, 17, 21, 28, 32, 48)
(12, 16, 22, 27, 33, 37)
(8, 10, 18, 31, 39, 41)
(3, 18, 19, 30, 31, 46)
(2, 6, 24, 25, 43, 47)
(3, 7, 9, 40, 42, 46)
(4, 19, 23, 26, 30, 45)
(1, 11, 16, 33, 38, 48)
(7, 21, 24, 25, 28, 42)
(1, 5, 17, 32, 44, 48)
(5, 6, 8, 41, 43, 44)
(1, 15, 21, 28, 34, 48)
(1, 15, 22, 27, 34, 48)
(11, 15, 18, 31, 34, 38)
(3, 7, 18, 31, 42, 46)
(10, 12, 23, 26, 37, 39)
(1, 10, 18, 31, 39, 48)
(12, 17, 19, 30, 32, 37)
(1, 13, 21, 28, 36, 48)
(2, 21, 22, 27, 28, 47)
(1, 8, 10, 39, 41, 48)
(11, 13, 15, 34, 36, 38)
(4, 20, 22, 27, 29, 45)
(10, 12, 14, 35, 37, 39)
(5, 8, 15, 34, 41, 44)
(2, 6, 9, 40, 43, 47)
(15, 21, 23, 26, 28, 34)
(11, 17, 23, 26, 32, 38)
(1, 7, 21, 28, 42, 48)
(11, 13, 21, 28, 36, 38)
(6, 17, 19, 30, 32, 43)
(3, 9, 22, 27, 40, 46)
(1, 11, 17, 32, 38, 48)
(15, 16, 18, 31, 33, 34)
(2, 5, 8, 41, 44, 47)
(6, 19, 21, 28, 30, 43)
(17, 19, 22, 27, 30, 32)
(1, 16, 18, 31, 33, 48)
(13, 18, 19, 30, 31, 36)
(2, 8, 16, 33, 41, 47)
(4, 18, 19, 30, 31, 45)
(3, 5, 7, 42, 44, 46)
(4, 12, 20, 29, 37, 45)
(6, 7, 23, 26, 42, 43)
(3, 10, 23, 26, 39, 46)
(1, 12, 15, 34, 37, 48)
(11, 13, 17, 32, 36, 38)
(9, 21, 24, 25, 28, 40)
(2, 22, 23, 26, 27, 47)
(2, 10, 20, 29, 39, 47)
(3, 22, 24, 25, 27, 46)
(4, 10, 22, 27, 39, 45)
(17, 19, 24, 25, 30, 32)
(9, 13, 18, 31, 36, 40)
(2, 6, 12, 37, 43, 47)
(4, 19, 21, 28, 30, 45)
(7, 14, 24, 25, 35, 42)
(6, 10, 14, 35, 39, 43)
(11, 13, 22, 27, 36, 38)
(13, 15, 17, 32, 34, 36)
(11, 23, 24, 25, 26, 38)
(5, 20, 22, 27, 29, 44)
(5, 11, 19, 30, 38, 44)
(14, 16, 18, 31, 33, 35)
(3, 9, 19, 30, 40, 46)
(14, 23, 24, 25, 26, 35)
(6, 10, 22, 27, 39, 43)
(13, 17, 20, 29, 32, 36)
(4, 14, 23, 26, 35, 45)
(3, 18, 20, 29, 31, 46)
(3, 17, 23, 26, 32, 46)
(3, 8, 20, 29, 41, 46)
(1, 12, 23, 26, 37, 48)
(1, 10, 24, 25, 39, 48)
(8, 18, 24, 25, 31, 41)
(3, 9, 12, 37, 40, 46)
(2, 3, 22, 27, 46, 47)
(8, 9, 19, 30, 40, 41)
(9, 14, 16, 33, 35, 40)
(5, 18, 23, 26, 31, 44)
(8, 15, 20, 29, 34, 41)
(8, 15, 16, 33, 34, 41)
(4, 6, 7, 42, 43, 45)
(5, 11, 24, 25, 38, 44)
(4, 13, 21, 28, 36, 45)
(5, 7, 15, 34, 42, 44)
(4, 13, 14, 35, 36, 45)
(5, 10, 13, 36, 39, 44)
(2, 15, 22, 27, 34, 47)
(5, 9, 15, 34, 40, 44)
(6, 14, 24, 25, 35, 43)
(6, 10, 23, 26, 39, 43)
(5, 23, 24, 25, 26, 44)
(8, 19, 24, 25, 30, 41)
(1, 3, 18, 31, 46, 48)
(1, 11, 19, 30, 38, 48)
(18, 19, 24, 25, 30, 31)
(3, 13, 18, 31, 36, 46)
(3, 11, 20, 29, 38, 46)
(7, 10, 21, 28, 39, 42)
(1, 6, 14, 35, 43, 48)
(4, 14, 24, 25, 35, 45)
(1, 3, 20, 29, 46, 48)
(2, 12, 19, 30, 37, 47)
(3, 8, 14, 35, 41, 46)
(13, 17, 24, 25, 32, 36)
(1, 18, 24, 25, 31, 48)
(1, 7, 11, 38, 42, 48)
(2, 8, 19, 30, 41, 47)
(8, 10, 15, 34, 39, 41)
(5, 7, 19, 30, 42, 44)
(3, 12, 13, 36, 37, 46)
(1, 6, 17, 32, 43, 48)
(8, 12, 16, 33, 37, 41)
(5, 19, 20, 29, 30, 44)
(11, 12, 14, 35, 37, 38)
(6, 14, 21, 28, 35, 43)
(9, 15, 16, 33, 34, 40)
(13, 17, 22, 27, 32, 36)
(2, 8, 18, 31, 41, 47)
(14, 18, 22, 27, 31, 35)
(3, 4, 10, 39, 45, 46)
(6, 9, 11, 38, 40, 43)
(2, 13, 20, 29, 36, 47)
(7, 13, 14, 35, 36, 42)
(2, 10, 13, 36, 39, 47)
(5, 10, 14, 35, 39, 44)
(11, 17, 20, 29, 32, 38)
(6, 11, 13, 36, 38, 43)
(13, 21, 24, 25, 28, 36)
(1, 13, 17, 32, 36, 48)
(18, 20, 22, 27, 29, 31)
(21, 22, 23, 26, 27, 28)
(6, 12, 15, 34, 37, 43)
(10, 13, 19, 30, 36, 39)
(4, 8, 15, 34, 41, 45)
(10, 17, 20, 29, 32, 39)
(13, 15, 22, 27, 34, 36)
(2, 5, 16, 33, 44, 47)
(7, 9, 22, 27, 40, 42)
(8, 9, 22, 27, 40, 41)
(5, 8, 13, 36, 41, 44)
(11, 19, 20, 29, 30, 38)
(10, 15, 20, 29, 34, 39)
(3, 7, 22, 27, 42, 46)
(4, 6, 21, 28, 43, 45)
(1, 11, 23, 26, 38, 48)
(4, 16, 20, 29, 33, 45)
(13, 21, 23, 26, 28, 36)
(2, 7, 8, 41, 42, 47)
(7, 11, 15, 34, 38, 42)
(5, 16, 20, 29, 33, 44)
(5, 13, 22, 27, 36, 44)
(3, 8, 18, 31, 41, 46)
(2, 10, 12, 37, 39, 47)
(4, 7, 11, 38, 42, 45)
(7, 9, 21, 28, 40, 42)
(11, 16, 18, 31, 33, 38)
(1, 11, 22, 27, 38, 48)
(3, 18, 22, 27, 31, 46)
(10, 14, 17, 32, 35, 39)
(3, 11, 17, 32, 38, 46)
(18, 20, 24, 25, 29, 31)
(8, 19, 22, 27, 30, 41)
(9, 12, 18, 31, 37, 40)
(13, 23, 24, 25, 26, 36)
(8, 10, 24, 25, 39, 41)
(3, 9, 11, 38, 40, 46)
(1, 6, 7, 42, 43, 48)
(3, 10, 14, 35, 39, 46)
(7, 17, 24, 25, 32, 42)
(2, 10, 17, 32, 39, 47)
(19, 21, 22, 27, 28, 30)
(2, 5, 12, 37, 44, 47)
(4, 23, 24, 25, 26, 45)
(3, 10, 19, 30, 39, 46)
(9, 17, 22, 27, 32, 40)
(7, 8, 13, 36, 41, 42)
(3, 13, 16, 33, 36, 46)
(3, 6, 11, 38, 43, 46)
(8, 12, 19, 30, 37, 41)
(21, 22, 24, 25, 27, 28)
(3, 6, 15, 34, 43, 46)
(7, 11, 23, 26, 38, 42)
(1, 9, 10, 39, 40, 48)
(1, 11, 15, 34, 38, 48)
(4, 15, 23, 26, 34, 45)
(1, 6, 11, 38, 43, 48)
(14, 22, 24, 25, 27, 35)
(4, 15, 16, 33, 34, 45)
(6, 10, 20, 29, 39, 43)
(7, 15, 22, 27, 34, 42)
(9, 17, 19, 30, 32, 40)
(9, 11, 20, 29, 38, 40)
(1, 11, 12, 37, 38, 48)
(5, 19, 23, 26, 30, 44)
(5, 8, 14, 35, 41, 44)
(1, 2, 10, 39, 47, 48)
(7, 14, 21, 28, 35, 42)
(3, 5, 11, 38, 44, 46)
(3, 7, 10, 39, 42, 46)
(13, 19, 22, 27, 30, 36)
(14, 15, 21, 28, 34, 35)
(1, 3, 6, 43, 46, 48)
(13, 14, 22, 27, 35, 36)
(1, 14, 20, 29, 35, 48)
(4, 12, 21, 28, 37, 45)
(4, 15, 20, 29, 34, 45)
(1, 2, 17, 32, 47, 48)
(1, 7, 10, 39, 42, 48)
(6, 7, 9, 40, 42, 43)
(1, 14, 19, 30, 35, 48)
(1, 8, 23, 26, 41, 48)
(7, 11, 14, 35, 38, 42)
(5, 10, 21, 28, 39, 44)
(8, 13, 24, 25, 36, 41)
(3, 7, 12, 37, 42, 46)
(5, 13, 20, 29, 36, 44)
(11, 12, 22, 27, 37, 38)
(9, 18, 20, 29, 31, 40)
(10, 16, 23, 26, 33, 39)
(3, 11, 19, 30, 38, 46)
(8, 10, 16, 33, 39, 41)
(7, 12, 22, 27, 37, 42)
(11, 22, 23, 26, 27, 38)
(17, 20, 22, 27, 29, 32)
(9, 20, 23, 26, 29, 40)
(9, 15, 17, 32, 34, 40)
(7, 18, 19, 30, 31, 42)
(10, 13, 23, 26, 36, 39)
(14, 15, 19, 30, 34, 35)
(2, 14, 20, 29, 35, 47)
(4, 5, 8, 41, 44, 45)
(6, 16, 20, 29, 33, 43)
(3, 17, 21, 28, 32, 46)
(2, 6, 13, 36, 43, 47)
(5, 12, 15, 34, 37, 44)
(7, 10, 22, 27, 39, 42)
(1, 4, 15, 34, 45, 48)
(9, 16, 18, 31, 33, 40)
(3, 12, 15, 34, 37, 46)
(2, 6, 7, 42, 43, 47)
(2, 7, 15, 34, 42, 47)
(4, 5, 15, 34, 44, 45)
(1, 3, 8, 41, 46, 48)
(1, 2, 6, 43, 47, 48)
(9, 17, 23, 26, 32, 40)
(1, 5, 6, 43, 44, 48)
(7, 21, 22, 27, 28, 42)
(4, 5, 20, 29, 44, 45)
(10, 14, 19, 30, 35, 39)
(12, 17, 23, 26, 32, 37)
(3, 14, 18, 31, 35, 46)
(4, 15, 24, 25, 34, 45)
(14, 17, 20, 29, 32, 35)
(5, 15, 16, 33, 34, 44)
(6, 9, 13, 36, 40, 43)
(4, 14, 21, 28, 35, 45)
(14, 17, 22, 27, 32, 35)
(1, 22, 23, 26, 27, 48)
(4, 5, 12, 37, 44, 45)
(8, 15, 18, 31, 34, 41)
(1, 16, 20, 29, 33, 48)
(7, 11, 22, 27, 38, 42)
(4, 8, 22, 27, 41, 45)
(10, 11, 15, 34, 38, 39)
(10, 14, 24, 25, 35, 39)
(9, 16, 21, 28, 33, 40)
(10, 16, 17, 32, 33, 39)
(3, 23, 24, 25, 26, 46)
(5, 14, 18, 31, 35, 44)
(7, 18, 21, 28, 31, 42)
(10, 16, 21, 28, 33, 39)
(3, 4, 15, 34, 45, 46)
(9, 14, 17, 32, 35, 40)
(7, 12, 17, 32, 37, 42)
(4, 14, 19, 30, 35, 45)
(11, 12, 21, 28, 37, 38)
(9, 12, 14, 35, 37, 40)
(15, 19, 23, 26, 30, 34)
(8, 16, 17, 32, 33, 41)
(18, 19, 20, 29, 30, 31)
(12, 20, 23, 26, 29, 37)
(1, 3, 13, 36, 46, 48)
(2, 8, 12, 37, 41, 47)
(5, 6, 22, 27, 43, 44)
(5, 6, 23, 26, 43, 44)
(10, 16, 19, 30, 33, 39)
(8, 14, 22, 27, 35, 41)
(2, 11, 18, 31, 38, 47)
(2, 11, 12, 37, 38, 47)
(2, 15, 20, 29, 34, 47)
(6, 10, 19, 30, 39, 43)
(2, 7, 12, 37, 42, 47)
(5, 8, 16, 33, 41, 44)
(4, 22, 23, 26, 27, 45)
(16, 17, 20, 29, 32, 33)
(7, 9, 15, 34, 40, 42)
(22, 23, 24, 25, 26, 27)
(7, 21, 23, 26, 28, 42)
(11, 12, 13, 36, 37, 38)
(3, 16, 17, 32, 33, 46)
(6, 7, 17, 32, 42, 43)
(5, 16, 17, 32, 33, 44)
(3, 14, 22, 27, 35, 46)
(4, 11, 23, 26, 38, 45)
(6, 23, 24, 25, 26, 43)
(2, 5, 13, 36, 44, 47)
(6, 7, 21, 28, 42, 43)
(6, 15, 20, 29, 34, 43)
(11, 15, 24, 25, 34, 38)
(8, 13, 17, 32, 36, 41)
(4, 11, 14, 35, 38, 45)
(8, 16, 19, 30, 33, 41)
(2, 6, 8, 41, 43, 47)
(5, 7, 18, 31, 42, 44)
(9, 14, 18, 31, 35, 40)
(1, 6, 23, 26, 43, 48)
(5, 7, 21, 28, 42, 44)
(6, 15, 17, 32, 34, 43)
(1, 23, 24, 25, 26, 48)
(4, 5, 11, 38, 44, 45)
(1, 3, 12, 37, 46, 48)
(9, 16, 19, 30, 33, 40)
(3, 12, 24, 25, 37, 46)
(1, 7, 23, 26, 42, 48)
(12, 13, 24, 25, 36, 37)
(5, 12, 16, 33, 37, 44)
(1, 8, 16, 33, 41, 48)
(6, 19, 22, 27, 30, 43)
(10, 12, 16, 33, 37, 39)
(8, 13, 21, 28, 36, 41)
(3, 8, 11, 38, 41, 46)
(5, 16, 21, 28, 33, 44)
(13, 16, 18, 31, 33, 36)
(1, 10, 14, 35, 39, 48)
(3, 7, 23, 26, 42, 46)
(5, 8, 20, 29, 41, 44)
(13, 14, 15, 34, 35, 36)}

Print some_are_pairs (contains 0 tuples): {}

Print none_are_pairs (contains 0 tuples): {}

Print indecomposable (contains 0 tuples): {}

Print decomposable but no pairs (contains 0 tuples): {}

Print exceptional cycles (contains 0 tuples): {}

Below are debug outputs for each alpha in V whether it was put in the indecomposable set or the decomposable but no pairs set:


method validate_set_V(49, 3) ran to completion.
