Running method validate_set_V(m = 55, d = 2):

Summary:
given m = 55, d = 2
Calculations took 0 days, 0 hours, 0 minutes, 0 seconds, 3 miliseconds, 17 microseconds, 499 nanoseconds.
Z/mZ:  [0, 1, 2, 3, 4, 5, 6, 7, 8, 9, 10, 11, 12, 13, 14, 15, 16, 17, 18, 19, 20, 21, 22, 23, 24, 25, 26, 27, 28, 29, 30, 31, 32, 33, 34, 35, 36, 37, 38, 39, 40, 41, 42, 43, 44, 45, 46, 47, 48, 49, 50, 51, 52, 53, 54]
Z/mZ*: [1, 2, 3, 4, 6, 7, 8, 9, 12, 13, 14, 16, 17, 18, 19, 21, 23, 24, 26, 27, 28, 29, 31, 32, 34, 36, 37, 38, 39, 41, 42, 43, 46, 47, 48, 49, 51, 52, 53, 54]
All ascending & non-repeating tuple (size 4) combinations possible for the U set: 316251
                      V set: contains 351 tuples
          all_are_pairs set: contains 351 tuples
         some_are_pairs set: contains 0 tuples
         none_are_pairs set: contains 0 tuples
         indecomposable set: contains 0 tuples
decomposable & no pairs set: contains 0 tuples
     exceptional_cycles set: contains 0 tuples

Print V set (contains 351 tuples): {
(2, 12, 43, 53)
(5, 6, 49, 50)
(5, 26, 29, 50)
(1, 8, 47, 54)
(15, 20, 35, 40)
(2, 6, 49, 53)
(2, 11, 44, 53)
(21, 26, 29, 34)
(14, 23, 32, 41)
(9, 19, 36, 46)
(9, 26, 29, 46)
(1, 16, 39, 54)
(22, 26, 29, 33)
(5, 24, 31, 50)
(14, 26, 29, 41)
(24, 27, 28, 31)
(5, 27, 28, 50)
(8, 25, 30, 47)
(5, 18, 37, 50)
(13, 16, 39, 42)
(19, 25, 30, 36)
(2, 27, 28, 53)
(1, 2, 53, 54)
(3, 23, 32, 52)
(4, 12, 43, 51)
(10, 24, 31, 45)
(3, 5, 50, 52)
(2, 23, 32, 53)
(3, 21, 34, 52)
(14, 15, 40, 41)
(7, 23, 32, 48)
(21, 23, 32, 34)
(8, 19, 36, 47)
(9, 18, 37, 46)
(23, 26, 29, 32)
(15, 27, 28, 40)
(3, 11, 44, 52)
(7, 22, 33, 48)
(9, 23, 32, 46)
(3, 6, 49, 52)
(1, 7, 48, 54)
(10, 25, 30, 45)
(14, 27, 28, 41)
(20, 26, 29, 35)
(22, 24, 31, 33)
(1, 24, 31, 54)
(2, 15, 40, 53)
(13, 26, 29, 42)
(2, 22, 33, 53)
(3, 19, 36, 52)
(7, 13, 42, 48)
(7, 18, 37, 48)
(12, 14, 41, 43)
(20, 23, 32, 35)
(22, 27, 28, 33)
(6, 7, 48, 49)
(16, 25, 30, 39)
(26, 27, 28, 29)
(10, 18, 37, 45)
(11, 20, 35, 44)
(16, 27, 28, 39)
(9, 11, 44, 46)
(13, 17, 38, 42)
(12, 22, 33, 43)
(11, 17, 38, 44)
(2, 20, 35, 53)
(4, 6, 49, 51)
(4, 17, 38, 51)
(1, 22, 33, 54)
(4, 5, 50, 51)
(12, 25, 30, 43)
(2, 26, 29, 53)
(5, 23, 32, 50)
(3, 20, 35, 52)
(3, 18, 37, 52)
(4, 23, 32, 51)
(20, 22, 33, 35)
(5, 12, 43, 50)
(10, 26, 29, 45)
(7, 9, 46, 48)
(10, 16, 39, 45)
(8, 20, 35, 47)
(2, 8, 47, 53)
(9, 16, 39, 46)
(4, 18, 37, 51)
(12, 27, 28, 43)
(13, 25, 30, 42)
(14, 25, 30, 41)
(2, 5, 50, 53)
(8, 21, 34, 47)
(7, 26, 29, 48)
(2, 4, 51, 53)
(3, 15, 40, 52)
(8, 18, 37, 47)
(4, 25, 30, 51)
(6, 9, 46, 49)
(11, 25, 30, 44)
(2, 16, 39, 53)
(14, 17, 38, 41)
(2, 13, 42, 53)
(14, 20, 35, 41)
(1, 27, 28, 54)
(18, 23, 32, 37)
(6, 26, 29, 49)
(10, 17, 38, 45)
(4, 27, 28, 51)
(7, 21, 34, 48)
(7, 27, 28, 48)
(15, 18, 37, 40)
(7, 15, 40, 48)
(15, 25, 30, 40)
(8, 9, 46, 47)
(6, 19, 36, 49)
(8, 13, 42, 47)
(7, 8, 47, 48)
(10, 11, 44, 45)
(17, 26, 29, 38)
(9, 27, 28, 46)
(7, 11, 44, 48)
(1, 13, 42, 54)
(1, 3, 52, 54)
(10, 20, 35, 45)
(7, 19, 36, 48)
(16, 23, 32, 39)
(17, 22, 33, 38)
(7, 25, 30, 48)
(4, 11, 44, 51)
(4, 19, 36, 51)
(5, 20, 35, 50)
(5, 9, 46, 50)
(13, 24, 31, 42)
(18, 26, 29, 37)
(15, 21, 34, 40)
(16, 24, 31, 39)
(24, 25, 30, 31)
(3, 26, 29, 52)
(10, 19, 36, 45)
(9, 10, 45, 46)
(14, 18, 37, 41)
(17, 27, 28, 38)
(11, 24, 31, 44)
(18, 24, 31, 37)
(3, 24, 31, 52)
(14, 21, 34, 41)
(20, 21, 34, 35)
(2, 9, 46, 53)
(14, 16, 39, 41)
(8, 27, 28, 47)
(1, 9, 46, 54)
(5, 19, 36, 50)
(11, 26, 29, 44)
(1, 10, 45, 54)
(6, 14, 41, 49)
(2, 7, 48, 53)
(5, 22, 33, 50)
(11, 16, 39, 44)
(17, 24, 31, 38)
(6, 11, 44, 49)
(9, 22, 33, 46)
(16, 21, 34, 39)
(25, 27, 28, 30)
(4, 15, 40, 51)
(6, 22, 33, 49)
(3, 16, 39, 52)
(3, 7, 48, 52)
(19, 24, 31, 36)
(9, 24, 31, 46)
(19, 26, 29, 36)
(21, 22, 33, 34)
(4, 10, 45, 51)
(5, 13, 42, 50)
(18, 21, 34, 37)
(9, 15, 40, 46)
(11, 14, 41, 44)
(13, 21, 34, 42)
(22, 25, 30, 33)
(17, 25, 30, 38)
(20, 27, 28, 35)
(4, 16, 39, 51)
(13, 20, 35, 42)
(23, 24, 31, 32)
(17, 20, 35, 38)
(8, 22, 33, 47)
(1, 6, 49, 54)
(4, 14, 41, 51)
(23, 27, 28, 32)
(17, 23, 32, 38)
(3, 25, 30, 52)
(5, 7, 48, 50)
(5, 17, 38, 50)
(1, 25, 30, 54)
(13, 22, 33, 42)
(1, 21, 34, 54)
(6, 15, 40, 49)
(3, 8, 47, 52)
(4, 13, 42, 51)
(1, 26, 29, 54)
(15, 22, 33, 40)
(6, 13, 42, 49)
(8, 12, 43, 47)
(5, 21, 34, 50)
(12, 20, 35, 43)
(13, 14, 41, 42)
(5, 11, 44, 50)
(18, 20, 35, 37)
(1, 5, 50, 54)
(3, 12, 43, 52)
(14, 19, 36, 41)
(7, 10, 45, 48)
(9, 20, 35, 46)
(9, 21, 34, 46)
(10, 27, 28, 45)
(6, 23, 32, 49)
(7, 14, 41, 48)
(10, 12, 43, 45)
(6, 18, 37, 49)
(2, 3, 52, 53)
(6, 16, 39, 49)
(2, 18, 37, 53)
(5, 16, 39, 50)
(6, 27, 28, 49)
(11, 18, 37, 44)
(4, 7, 48, 51)
(19, 23, 32, 36)
(16, 26, 29, 39)
(1, 4, 51, 54)
(3, 4, 51, 52)
(19, 20, 35, 36)
(11, 15, 40, 44)
(9, 17, 38, 46)
(21, 25, 30, 34)
(10, 13, 42, 45)
(5, 8, 47, 50)
(11, 13, 42, 44)
(13, 18, 37, 42)
(2, 24, 31, 53)
(2, 17, 38, 53)
(7, 20, 35, 48)
(13, 23, 32, 42)
(15, 17, 38, 40)
(20, 25, 30, 35)
(8, 11, 44, 47)
(8, 17, 38, 47)
(5, 14, 41, 50)
(12, 17, 38, 43)
(12, 23, 32, 43)
(19, 21, 34, 36)
(5, 25, 30, 50)
(11, 22, 33, 44)
(11, 27, 28, 44)
(12, 15, 40, 43)
(3, 27, 28, 52)
(7, 17, 38, 48)
(14, 22, 33, 41)
(5, 10, 45, 50)
(12, 16, 39, 43)
(1, 11, 44, 54)
(1, 20, 35, 54)
(1, 12, 43, 54)
(3, 9, 46, 52)
(6, 8, 47, 49)
(14, 24, 31, 41)
(4, 9, 46, 51)
(17, 18, 37, 38)
(13, 19, 36, 42)
(21, 27, 28, 34)
(10, 21, 34, 45)
(6, 25, 30, 49)
(1, 23, 32, 54)
(17, 19, 36, 38)
(8, 15, 40, 47)
(8, 16, 39, 47)
(15, 16, 39, 40)
(1, 18, 37, 54)
(3, 17, 38, 52)
(15, 23, 32, 40)
(4, 22, 33, 51)
(7, 12, 43, 48)
(21, 24, 31, 34)
(1, 14, 41, 54)
(11, 19, 36, 44)
(23, 25, 30, 32)
(24, 26, 29, 31)
(6, 17, 38, 49)
(8, 14, 41, 47)
(13, 15, 40, 42)
(19, 22, 33, 36)
(3, 14, 41, 52)
(12, 24, 31, 43)
(15, 26, 29, 40)
(10, 14, 41, 45)
(15, 24, 31, 40)
(19, 27, 28, 36)
(9, 14, 41, 46)
(18, 27, 28, 37)
(10, 23, 32, 45)
(12, 21, 34, 43)
(20, 24, 31, 35)
(12, 26, 29, 43)
(10, 15, 40, 45)
(4, 21, 34, 51)
(12, 19, 36, 43)
(5, 15, 40, 50)
(9, 13, 42, 46)
(18, 19, 36, 37)
(18, 25, 30, 37)
(4, 24, 31, 51)
(2, 10, 45, 53)
(2, 14, 41, 53)
(6, 24, 31, 49)
(3, 22, 33, 52)
(4, 8, 47, 51)
(13, 27, 28, 42)
(16, 22, 33, 39)
(12, 18, 37, 43)
(15, 19, 36, 40)
(22, 23, 32, 33)
(8, 23, 32, 47)
(1, 17, 38, 54)
(1, 15, 40, 54)
(2, 25, 30, 53)
(4, 26, 29, 51)
(17, 21, 34, 38)
(7, 16, 39, 48)
(16, 20, 35, 39)
(3, 10, 45, 52)
(6, 20, 35, 49)
(10, 22, 33, 45)
(6, 12, 43, 49)
(8, 24, 31, 47)
(16, 18, 37, 39)
(18, 22, 33, 37)
(16, 19, 36, 39)
(25, 26, 29, 30)
(8, 26, 29, 47)
(2, 19, 36, 53)
(4, 20, 35, 51)
(2, 21, 34, 53)
(3, 13, 42, 52)
(11, 23, 32, 44)
(6, 10, 45, 49)
(6, 21, 34, 49)
(11, 21, 34, 44)
(11, 12, 43, 44)
(1, 19, 36, 54)
(16, 17, 38, 39)
(7, 24, 31, 48)
(9, 12, 43, 46)
(9, 25, 30, 46)
(12, 13, 42, 43)
(8, 10, 45, 47)}

Print all_are_pairs (contains 351 tuples): {
(2, 12, 43, 53)
(5, 6, 49, 50)
(5, 26, 29, 50)
(1, 8, 47, 54)
(15, 20, 35, 40)
(2, 6, 49, 53)
(2, 11, 44, 53)
(21, 26, 29, 34)
(14, 23, 32, 41)
(9, 19, 36, 46)
(9, 26, 29, 46)
(1, 16, 39, 54)
(22, 26, 29, 33)
(5, 24, 31, 50)
(14, 26, 29, 41)
(24, 27, 28, 31)
(5, 27, 28, 50)
(8, 25, 30, 47)
(5, 18, 37, 50)
(13, 16, 39, 42)
(19, 25, 30, 36)
(2, 27, 28, 53)
(1, 2, 53, 54)
(3, 23, 32, 52)
(4, 12, 43, 51)
(10, 24, 31, 45)
(3, 5, 50, 52)
(2, 23, 32, 53)
(3, 21, 34, 52)
(14, 15, 40, 41)
(7, 23, 32, 48)
(21, 23, 32, 34)
(8, 19, 36, 47)
(9, 18, 37, 46)
(23, 26, 29, 32)
(15, 27, 28, 40)
(3, 11, 44, 52)
(7, 22, 33, 48)
(9, 23, 32, 46)
(3, 6, 49, 52)
(1, 7, 48, 54)
(10, 25, 30, 45)
(14, 27, 28, 41)
(20, 26, 29, 35)
(22, 24, 31, 33)
(1, 24, 31, 54)
(2, 15, 40, 53)
(13, 26, 29, 42)
(2, 22, 33, 53)
(3, 19, 36, 52)
(7, 13, 42, 48)
(7, 18, 37, 48)
(12, 14, 41, 43)
(20, 23, 32, 35)
(22, 27, 28, 33)
(6, 7, 48, 49)
(16, 25, 30, 39)
(26, 27, 28, 29)
(10, 18, 37, 45)
(11, 20, 35, 44)
(16, 27, 28, 39)
(9, 11, 44, 46)
(13, 17, 38, 42)
(12, 22, 33, 43)
(11, 17, 38, 44)
(2, 20, 35, 53)
(4, 6, 49, 51)
(4, 17, 38, 51)
(1, 22, 33, 54)
(4, 5, 50, 51)
(12, 25, 30, 43)
(2, 26, 29, 53)
(5, 23, 32, 50)
(3, 20, 35, 52)
(3, 18, 37, 52)
(4, 23, 32, 51)
(20, 22, 33, 35)
(5, 12, 43, 50)
(10, 26, 29, 45)
(7, 9, 46, 48)
(10, 16, 39, 45)
(8, 20, 35, 47)
(2, 8, 47, 53)
(9, 16, 39, 46)
(4, 18, 37, 51)
(12, 27, 28, 43)
(13, 25, 30, 42)
(14, 25, 30, 41)
(2, 5, 50, 53)
(8, 21, 34, 47)
(7, 26, 29, 48)
(2, 4, 51, 53)
(3, 15, 40, 52)
(8, 18, 37, 47)
(4, 25, 30, 51)
(6, 9, 46, 49)
(11, 25, 30, 44)
(2, 16, 39, 53)
(14, 17, 38, 41)
(2, 13, 42, 53)
(14, 20, 35, 41)
(1, 27, 28, 54)
(18, 23, 32, 37)
(6, 26, 29, 49)
(10, 17, 38, 45)
(4, 27, 28, 51)
(7, 21, 34, 48)
(7, 27, 28, 48)
(15, 18, 37, 40)
(7, 15, 40, 48)
(15, 25, 30, 40)
(8, 9, 46, 47)
(6, 19, 36, 49)
(8, 13, 42, 47)
(7, 8, 47, 48)
(10, 11, 44, 45)
(17, 26, 29, 38)
(9, 27, 28, 46)
(7, 11, 44, 48)
(1, 13, 42, 54)
(1, 3, 52, 54)
(10, 20, 35, 45)
(7, 19, 36, 48)
(16, 23, 32, 39)
(17, 22, 33, 38)
(7, 25, 30, 48)
(4, 11, 44, 51)
(4, 19, 36, 51)
(5, 20, 35, 50)
(5, 9, 46, 50)
(13, 24, 31, 42)
(18, 26, 29, 37)
(15, 21, 34, 40)
(16, 24, 31, 39)
(24, 25, 30, 31)
(3, 26, 29, 52)
(10, 19, 36, 45)
(9, 10, 45, 46)
(14, 18, 37, 41)
(17, 27, 28, 38)
(11, 24, 31, 44)
(18, 24, 31, 37)
(3, 24, 31, 52)
(14, 21, 34, 41)
(20, 21, 34, 35)
(2, 9, 46, 53)
(14, 16, 39, 41)
(8, 27, 28, 47)
(1, 9, 46, 54)
(5, 19, 36, 50)
(11, 26, 29, 44)
(1, 10, 45, 54)
(6, 14, 41, 49)
(2, 7, 48, 53)
(5, 22, 33, 50)
(11, 16, 39, 44)
(17, 24, 31, 38)
(6, 11, 44, 49)
(9, 22, 33, 46)
(16, 21, 34, 39)
(25, 27, 28, 30)
(4, 15, 40, 51)
(6, 22, 33, 49)
(3, 16, 39, 52)
(3, 7, 48, 52)
(19, 24, 31, 36)
(9, 24, 31, 46)
(19, 26, 29, 36)
(21, 22, 33, 34)
(4, 10, 45, 51)
(5, 13, 42, 50)
(18, 21, 34, 37)
(9, 15, 40, 46)
(11, 14, 41, 44)
(13, 21, 34, 42)
(22, 25, 30, 33)
(17, 25, 30, 38)
(20, 27, 28, 35)
(4, 16, 39, 51)
(13, 20, 35, 42)
(23, 24, 31, 32)
(17, 20, 35, 38)
(8, 22, 33, 47)
(1, 6, 49, 54)
(4, 14, 41, 51)
(23, 27, 28, 32)
(17, 23, 32, 38)
(3, 25, 30, 52)
(5, 7, 48, 50)
(5, 17, 38, 50)
(1, 25, 30, 54)
(13, 22, 33, 42)
(1, 21, 34, 54)
(6, 15, 40, 49)
(3, 8, 47, 52)
(4, 13, 42, 51)
(1, 26, 29, 54)
(15, 22, 33, 40)
(6, 13, 42, 49)
(8, 12, 43, 47)
(5, 21, 34, 50)
(12, 20, 35, 43)
(13, 14, 41, 42)
(5, 11, 44, 50)
(18, 20, 35, 37)
(1, 5, 50, 54)
(3, 12, 43, 52)
(14, 19, 36, 41)
(7, 10, 45, 48)
(9, 20, 35, 46)
(9, 21, 34, 46)
(10, 27, 28, 45)
(6, 23, 32, 49)
(7, 14, 41, 48)
(10, 12, 43, 45)
(6, 18, 37, 49)
(2, 3, 52, 53)
(6, 16, 39, 49)
(2, 18, 37, 53)
(5, 16, 39, 50)
(6, 27, 28, 49)
(11, 18, 37, 44)
(4, 7, 48, 51)
(19, 23, 32, 36)
(16, 26, 29, 39)
(1, 4, 51, 54)
(3, 4, 51, 52)
(19, 20, 35, 36)
(11, 15, 40, 44)
(9, 17, 38, 46)
(21, 25, 30, 34)
(10, 13, 42, 45)
(5, 8, 47, 50)
(11, 13, 42, 44)
(13, 18, 37, 42)
(2, 24, 31, 53)
(2, 17, 38, 53)
(7, 20, 35, 48)
(13, 23, 32, 42)
(15, 17, 38, 40)
(20, 25, 30, 35)
(8, 11, 44, 47)
(8, 17, 38, 47)
(5, 14, 41, 50)
(12, 17, 38, 43)
(12, 23, 32, 43)
(19, 21, 34, 36)
(5, 25, 30, 50)
(11, 22, 33, 44)
(11, 27, 28, 44)
(12, 15, 40, 43)
(3, 27, 28, 52)
(7, 17, 38, 48)
(14, 22, 33, 41)
(5, 10, 45, 50)
(12, 16, 39, 43)
(1, 11, 44, 54)
(1, 20, 35, 54)
(1, 12, 43, 54)
(3, 9, 46, 52)
(6, 8, 47, 49)
(14, 24, 31, 41)
(4, 9, 46, 51)
(17, 18, 37, 38)
(13, 19, 36, 42)
(21, 27, 28, 34)
(10, 21, 34, 45)
(6, 25, 30, 49)
(1, 23, 32, 54)
(17, 19, 36, 38)
(8, 15, 40, 47)
(8, 16, 39, 47)
(15, 16, 39, 40)
(1, 18, 37, 54)
(3, 17, 38, 52)
(15, 23, 32, 40)
(4, 22, 33, 51)
(7, 12, 43, 48)
(21, 24, 31, 34)
(1, 14, 41, 54)
(11, 19, 36, 44)
(23, 25, 30, 32)
(24, 26, 29, 31)
(6, 17, 38, 49)
(8, 14, 41, 47)
(13, 15, 40, 42)
(19, 22, 33, 36)
(3, 14, 41, 52)
(12, 24, 31, 43)
(15, 26, 29, 40)
(10, 14, 41, 45)
(15, 24, 31, 40)
(19, 27, 28, 36)
(9, 14, 41, 46)
(18, 27, 28, 37)
(10, 23, 32, 45)
(12, 21, 34, 43)
(20, 24, 31, 35)
(12, 26, 29, 43)
(10, 15, 40, 45)
(4, 21, 34, 51)
(12, 19, 36, 43)
(5, 15, 40, 50)
(9, 13, 42, 46)
(18, 19, 36, 37)
(18, 25, 30, 37)
(4, 24, 31, 51)
(2, 10, 45, 53)
(2, 14, 41, 53)
(6, 24, 31, 49)
(3, 22, 33, 52)
(4, 8, 47, 51)
(13, 27, 28, 42)
(16, 22, 33, 39)
(12, 18, 37, 43)
(15, 19, 36, 40)
(22, 23, 32, 33)
(8, 23, 32, 47)
(1, 17, 38, 54)
(1, 15, 40, 54)
(2, 25, 30, 53)
(4, 26, 29, 51)
(17, 21, 34, 38)
(7, 16, 39, 48)
(16, 20, 35, 39)
(3, 10, 45, 52)
(6, 20, 35, 49)
(10, 22, 33, 45)
(6, 12, 43, 49)
(8, 24, 31, 47)
(16, 18, 37, 39)
(18, 22, 33, 37)
(16, 19, 36, 39)
(25, 26, 29, 30)
(8, 26, 29, 47)
(2, 19, 36, 53)
(4, 20, 35, 51)
(2, 21, 34, 53)
(3, 13, 42, 52)
(11, 23, 32, 44)
(6, 10, 45, 49)
(6, 21, 34, 49)
(11, 21, 34, 44)
(11, 12, 43, 44)
(1, 19, 36, 54)
(16, 17, 38, 39)
(7, 24, 31, 48)
(9, 12, 43, 46)
(9, 25, 30, 46)
(12, 13, 42, 43)
(8, 10, 45, 47)}

Print some_are_pairs (contains 0 tuples): {}

Print none_are_pairs (contains 0 tuples): {}

Print indecomposable (contains 0 tuples): {}

Print decomposable but no pairs (contains 0 tuples): {}

Print exceptional cycles (contains 0 tuples): {}

Below are debug outputs for each alpha in V whether it was put in the indecomposable set or the decomposable but no pairs set:


method validate_set_V(55, 2) ran to completion.
