Running method validate_set_V(m = 19, d = 4):

Summary:
given m = 19, d = 4
Calculations took 0 days, 0 hours, 0 minutes, 0 seconds, 40 miliseconds, 43 microseconds, 100 nanoseconds.
Z/mZ:  [0, 1, 2, 3, 4, 5, 6, 7, 8, 9, 10, 11, 12, 13, 14, 15, 16, 17, 18]
Z/mZ*: [1, 2, 3, 4, 5, 6, 7, 8, 9, 10, 11, 12, 13, 14, 15, 16, 17, 18]
All ascending & non-repeating tuple (size 8) combinations possible for the U set: 43758
All ascending & non-repeating tuple (size 1 to 8) combinations possible for the U set: 262143
            "reduced" U set: contains 2304 tuples
            "reduced" B set: contains 126 tuples
                      V set: contains 126 tuples
          all_are_pairs set: contains 126 tuples
         some_are_pairs set: contains 0 tuples
         none_are_pairs set: contains 0 tuples
         indecomposable set: contains 0 tuples
decomposable & no pairs set: contains 0 tuples
     exceptional_cycles set: contains 0 tuples

Print V set (contains 126 tuples): {
(2, 6, 7, 9, 10, 12, 13, 17)
(1, 2, 5, 9, 10, 14, 17, 18)
(2, 3, 4, 8, 11, 15, 16, 17)
(1, 2, 3, 8, 11, 16, 17, 18)
(1, 2, 5, 6, 13, 14, 17, 18)
(2, 3, 7, 8, 11, 12, 16, 17)
(4, 6, 8, 9, 10, 11, 13, 15)
(2, 3, 6, 8, 11, 13, 16, 17)
(2, 5, 6, 8, 11, 13, 14, 17)
(1, 3, 8, 9, 10, 11, 16, 18)
(1, 4, 7, 8, 11, 12, 15, 18)
(4, 5, 8, 9, 10, 11, 14, 15)
(2, 3, 8, 9, 10, 11, 16, 17)
(1, 3, 5, 9, 10, 14, 16, 18)
(2, 3, 4, 5, 14, 15, 16, 17)
(2, 4, 6, 7, 12, 13, 15, 17)
(1, 2, 3, 7, 12, 16, 17, 18)
(1, 2, 4, 8, 11, 15, 17, 18)
(5, 6, 8, 9, 10, 11, 13, 14)
(3, 4, 5, 9, 10, 14, 15, 16)
(1, 2, 7, 9, 10, 12, 17, 18)
(2, 3, 6, 7, 12, 13, 16, 17)
(2, 4, 6, 9, 10, 13, 15, 17)
(1, 6, 8, 9, 10, 11, 13, 18)
(3, 5, 8, 9, 10, 11, 14, 16)
(3, 4, 5, 7, 12, 14, 15, 16)
(2, 6, 7, 8, 11, 12, 13, 17)
(1, 2, 5, 7, 12, 14, 17, 18)
(1, 2, 6, 7, 12, 13, 17, 18)
(3, 5, 7, 8, 11, 12, 14, 16)
(1, 3, 7, 9, 10, 12, 16, 18)
(1, 3, 6, 7, 12, 13, 16, 18)
(1, 3, 4, 5, 14, 15, 16, 18)
(2, 5, 6, 7, 12, 13, 14, 17)
(1, 4, 6, 9, 10, 13, 15, 18)
(1, 5, 8, 9, 10, 11, 14, 18)
(2, 3, 5, 7, 12, 14, 16, 17)
(2, 4, 6, 8, 11, 13, 15, 17)
(5, 7, 8, 9, 10, 11, 12, 14)
(4, 5, 6, 9, 10, 13, 14, 15)
(3, 6, 7, 9, 10, 12, 13, 16)
(3, 4, 7, 8, 11, 12, 15, 16)
(2, 3, 5, 8, 11, 14, 16, 17)
(2, 3, 4, 7, 12, 15, 16, 17)
(2, 4, 5, 7, 12, 14, 15, 17)
(3, 4, 7, 9, 10, 12, 15, 16)
(1, 2, 3, 6, 13, 16, 17, 18)
(1, 5, 6, 8, 11, 13, 14, 18)
(2, 6, 8, 9, 10, 11, 13, 17)
(1, 2, 8, 9, 10, 11, 17, 18)
(2, 3, 4, 9, 10, 15, 16, 17)
(2, 4, 5, 9, 10, 14, 15, 17)
(1, 2, 6, 8, 11, 13, 17, 18)
(4, 5, 7, 8, 11, 12, 14, 15)
(1, 5, 7, 9, 10, 12, 14, 18)
(1, 7, 8, 9, 10, 11, 12, 18)
(2, 5, 7, 9, 10, 12, 14, 17)
(2, 5, 7, 8, 11, 12, 14, 17)
(1, 3, 5, 7, 12, 14, 16, 18)
(2, 3, 4, 6, 13, 15, 16, 17)
(1, 3, 6, 9, 10, 13, 16, 18)
(1, 3, 4, 8, 11, 15, 16, 18)
(1, 5, 6, 7, 12, 13, 14, 18)
(2, 5, 6, 9, 10, 13, 14, 17)
(3, 4, 5, 6, 13, 14, 15, 16)
(1, 4, 7, 9, 10, 12, 15, 18)
(2, 3, 5, 9, 10, 14, 16, 17)
(4, 6, 7, 8, 11, 12, 13, 15)
(1, 2, 4, 5, 14, 15, 17, 18)
(2, 5, 8, 9, 10, 11, 14, 17)
(1, 5, 6, 9, 10, 13, 14, 18)
(1, 4, 5, 6, 13, 14, 15, 18)
(1, 2, 3, 9, 10, 16, 17, 18)
(2, 3, 5, 6, 13, 14, 16, 17)
(4, 5, 7, 9, 10, 12, 14, 15)
(1, 2, 4, 9, 10, 15, 17, 18)
(1, 4, 6, 7, 12, 13, 15, 18)
(1, 6, 7, 9, 10, 12, 13, 18)
(2, 4, 7, 8, 11, 12, 15, 17)
(5, 6, 7, 8, 11, 12, 13, 14)
(6, 7, 8, 9, 10, 11, 12, 13)
(3, 4, 5, 8, 11, 14, 15, 16)
(1, 3, 4, 9, 10, 15, 16, 18)
(1, 2, 4, 6, 13, 15, 17, 18)
(2, 4, 5, 6, 13, 14, 15, 17)
(1, 2, 3, 5, 14, 16, 17, 18)
(3, 6, 7, 8, 11, 12, 13, 16)
(1, 4, 6, 8, 11, 13, 15, 18)
(3, 4, 6, 7, 12, 13, 15, 16)
(2, 3, 7, 9, 10, 12, 16, 17)
(1, 4, 5, 8, 11, 14, 15, 18)
(1, 3, 7, 8, 11, 12, 16, 18)
(4, 7, 8, 9, 10, 11, 12, 15)
(2, 4, 7, 9, 10, 12, 15, 17)
(4, 6, 7, 9, 10, 12, 13, 15)
(1, 4, 8, 9, 10, 11, 15, 18)
(3, 4, 6, 9, 10, 13, 15, 16)
(2, 7, 8, 9, 10, 11, 12, 17)
(3, 5, 6, 9, 10, 13, 14, 16)
(2, 4, 5, 8, 11, 14, 15, 17)
(1, 6, 7, 8, 11, 12, 13, 18)
(4, 5, 6, 7, 12, 13, 14, 15)
(1, 2, 4, 7, 12, 15, 17, 18)
(1, 3, 4, 6, 13, 15, 16, 18)
(1, 3, 6, 8, 11, 13, 16, 18)
(5, 6, 7, 9, 10, 12, 13, 14)
(3, 7, 8, 9, 10, 11, 12, 16)
(1, 5, 7, 8, 11, 12, 14, 18)
(1, 2, 3, 4, 15, 16, 17, 18)
(2, 3, 6, 9, 10, 13, 16, 17)
(1, 4, 5, 7, 12, 14, 15, 18)
(1, 4, 5, 9, 10, 14, 15, 18)
(3, 5, 7, 9, 10, 12, 14, 16)
(1, 2, 5, 8, 11, 14, 17, 18)
(3, 4, 6, 8, 11, 13, 15, 16)
(4, 5, 6, 8, 11, 13, 14, 15)
(1, 2, 6, 9, 10, 13, 17, 18)
(1, 2, 7, 8, 11, 12, 17, 18)
(3, 4, 8, 9, 10, 11, 15, 16)
(3, 5, 6, 7, 12, 13, 14, 16)
(1, 3, 5, 6, 13, 14, 16, 18)
(3, 5, 6, 8, 11, 13, 14, 16)
(3, 6, 8, 9, 10, 11, 13, 16)
(1, 3, 5, 8, 11, 14, 16, 18)
(1, 3, 4, 7, 12, 15, 16, 18)
(2, 4, 8, 9, 10, 11, 15, 17)}

Print all_are_pairs (contains 126 tuples): {
(2, 6, 7, 9, 10, 12, 13, 17)
(1, 2, 5, 9, 10, 14, 17, 18)
(2, 3, 4, 8, 11, 15, 16, 17)
(1, 2, 3, 8, 11, 16, 17, 18)
(1, 2, 5, 6, 13, 14, 17, 18)
(2, 3, 7, 8, 11, 12, 16, 17)
(4, 6, 8, 9, 10, 11, 13, 15)
(2, 3, 6, 8, 11, 13, 16, 17)
(2, 5, 6, 8, 11, 13, 14, 17)
(1, 3, 8, 9, 10, 11, 16, 18)
(1, 4, 7, 8, 11, 12, 15, 18)
(4, 5, 8, 9, 10, 11, 14, 15)
(2, 3, 8, 9, 10, 11, 16, 17)
(1, 3, 5, 9, 10, 14, 16, 18)
(2, 3, 4, 5, 14, 15, 16, 17)
(2, 4, 6, 7, 12, 13, 15, 17)
(1, 2, 3, 7, 12, 16, 17, 18)
(1, 2, 4, 8, 11, 15, 17, 18)
(5, 6, 8, 9, 10, 11, 13, 14)
(3, 4, 5, 9, 10, 14, 15, 16)
(1, 2, 7, 9, 10, 12, 17, 18)
(2, 3, 6, 7, 12, 13, 16, 17)
(2, 4, 6, 9, 10, 13, 15, 17)
(1, 6, 8, 9, 10, 11, 13, 18)
(3, 5, 8, 9, 10, 11, 14, 16)
(3, 4, 5, 7, 12, 14, 15, 16)
(2, 6, 7, 8, 11, 12, 13, 17)
(1, 2, 5, 7, 12, 14, 17, 18)
(1, 2, 6, 7, 12, 13, 17, 18)
(3, 5, 7, 8, 11, 12, 14, 16)
(1, 3, 7, 9, 10, 12, 16, 18)
(1, 3, 6, 7, 12, 13, 16, 18)
(1, 3, 4, 5, 14, 15, 16, 18)
(2, 5, 6, 7, 12, 13, 14, 17)
(1, 4, 6, 9, 10, 13, 15, 18)
(1, 5, 8, 9, 10, 11, 14, 18)
(2, 3, 5, 7, 12, 14, 16, 17)
(2, 4, 6, 8, 11, 13, 15, 17)
(5, 7, 8, 9, 10, 11, 12, 14)
(4, 5, 6, 9, 10, 13, 14, 15)
(3, 6, 7, 9, 10, 12, 13, 16)
(3, 4, 7, 8, 11, 12, 15, 16)
(2, 3, 5, 8, 11, 14, 16, 17)
(2, 3, 4, 7, 12, 15, 16, 17)
(2, 4, 5, 7, 12, 14, 15, 17)
(3, 4, 7, 9, 10, 12, 15, 16)
(1, 2, 3, 6, 13, 16, 17, 18)
(1, 5, 6, 8, 11, 13, 14, 18)
(2, 6, 8, 9, 10, 11, 13, 17)
(1, 2, 8, 9, 10, 11, 17, 18)
(2, 3, 4, 9, 10, 15, 16, 17)
(2, 4, 5, 9, 10, 14, 15, 17)
(1, 2, 6, 8, 11, 13, 17, 18)
(4, 5, 7, 8, 11, 12, 14, 15)
(1, 5, 7, 9, 10, 12, 14, 18)
(1, 7, 8, 9, 10, 11, 12, 18)
(2, 5, 7, 9, 10, 12, 14, 17)
(2, 5, 7, 8, 11, 12, 14, 17)
(1, 3, 5, 7, 12, 14, 16, 18)
(2, 3, 4, 6, 13, 15, 16, 17)
(1, 3, 6, 9, 10, 13, 16, 18)
(1, 3, 4, 8, 11, 15, 16, 18)
(1, 5, 6, 7, 12, 13, 14, 18)
(2, 5, 6, 9, 10, 13, 14, 17)
(3, 4, 5, 6, 13, 14, 15, 16)
(1, 4, 7, 9, 10, 12, 15, 18)
(2, 3, 5, 9, 10, 14, 16, 17)
(4, 6, 7, 8, 11, 12, 13, 15)
(1, 2, 4, 5, 14, 15, 17, 18)
(2, 5, 8, 9, 10, 11, 14, 17)
(1, 5, 6, 9, 10, 13, 14, 18)
(1, 4, 5, 6, 13, 14, 15, 18)
(1, 2, 3, 9, 10, 16, 17, 18)
(2, 3, 5, 6, 13, 14, 16, 17)
(4, 5, 7, 9, 10, 12, 14, 15)
(1, 2, 4, 9, 10, 15, 17, 18)
(1, 4, 6, 7, 12, 13, 15, 18)
(1, 6, 7, 9, 10, 12, 13, 18)
(2, 4, 7, 8, 11, 12, 15, 17)
(5, 6, 7, 8, 11, 12, 13, 14)
(6, 7, 8, 9, 10, 11, 12, 13)
(3, 4, 5, 8, 11, 14, 15, 16)
(1, 3, 4, 9, 10, 15, 16, 18)
(1, 2, 4, 6, 13, 15, 17, 18)
(2, 4, 5, 6, 13, 14, 15, 17)
(1, 2, 3, 5, 14, 16, 17, 18)
(3, 6, 7, 8, 11, 12, 13, 16)
(1, 4, 6, 8, 11, 13, 15, 18)
(3, 4, 6, 7, 12, 13, 15, 16)
(2, 3, 7, 9, 10, 12, 16, 17)
(1, 4, 5, 8, 11, 14, 15, 18)
(1, 3, 7, 8, 11, 12, 16, 18)
(4, 7, 8, 9, 10, 11, 12, 15)
(2, 4, 7, 9, 10, 12, 15, 17)
(4, 6, 7, 9, 10, 12, 13, 15)
(1, 4, 8, 9, 10, 11, 15, 18)
(3, 4, 6, 9, 10, 13, 15, 16)
(2, 7, 8, 9, 10, 11, 12, 17)
(3, 5, 6, 9, 10, 13, 14, 16)
(2, 4, 5, 8, 11, 14, 15, 17)
(1, 6, 7, 8, 11, 12, 13, 18)
(4, 5, 6, 7, 12, 13, 14, 15)
(1, 2, 4, 7, 12, 15, 17, 18)
(1, 3, 4, 6, 13, 15, 16, 18)
(1, 3, 6, 8, 11, 13, 16, 18)
(5, 6, 7, 9, 10, 12, 13, 14)
(3, 7, 8, 9, 10, 11, 12, 16)
(1, 5, 7, 8, 11, 12, 14, 18)
(1, 2, 3, 4, 15, 16, 17, 18)
(2, 3, 6, 9, 10, 13, 16, 17)
(1, 4, 5, 7, 12, 14, 15, 18)
(1, 4, 5, 9, 10, 14, 15, 18)
(3, 5, 7, 9, 10, 12, 14, 16)
(1, 2, 5, 8, 11, 14, 17, 18)
(3, 4, 6, 8, 11, 13, 15, 16)
(4, 5, 6, 8, 11, 13, 14, 15)
(1, 2, 6, 9, 10, 13, 17, 18)
(1, 2, 7, 8, 11, 12, 17, 18)
(3, 4, 8, 9, 10, 11, 15, 16)
(3, 5, 6, 7, 12, 13, 14, 16)
(1, 3, 5, 6, 13, 14, 16, 18)
(3, 5, 6, 8, 11, 13, 14, 16)
(3, 6, 8, 9, 10, 11, 13, 16)
(1, 3, 5, 8, 11, 14, 16, 18)
(1, 3, 4, 7, 12, 15, 16, 18)
(2, 4, 8, 9, 10, 11, 15, 17)}

Print some_are_pairs (contains 0 tuples): {}

Print none_are_pairs (contains 0 tuples): {}

Print indecomposable (contains 0 tuples): {}

Print decomposable but no pairs (contains 0 tuples): {}

Print exceptional cycles (contains 0 tuples): {}

Below are debug outputs for each alpha in V whether it was put in the indecomposable set or the decomposable but no pairs set:


method validate_set_V(19, 4) ran to completion.
