Running method validate_set_V(m = 159, d = 1):

Summary:
given m = 159, d = 1
Calculations took 0 days, 0 hours, 0 minutes, 0 seconds, 0 miliseconds, 195 microseconds, 600 nanoseconds.
Z/mZ:  [0, 1, 2, 3, 4, 5, 6, 7, 8, 9, 10, 11, 12, 13, 14, 15, 16, 17, 18, 19, 20, 21, 22, 23, 24, 25, 26, 27, 28, 29, 30, 31, 32, 33, 34, 35, 36, 37, 38, 39, 40, 41, 42, 43, 44, 45, 46, 47, 48, 49, 50, 51, 52, 53, 54, 55, 56, 57, 58, 59, 60, 61, 62, 63, 64, 65, 66, 67, 68, 69, 70, 71, 72, 73, 74, 75, 76, 77, 78, 79, 80, 81, 82, 83, 84, 85, 86, 87, 88, 89, 90, 91, 92, 93, 94, 95, 96, 97, 98, 99, 100, 101, 102, 103, 104, 105, 106, 107, 108, 109, 110, 111, 112, 113, 114, 115, 116, 117, 118, 119, 120, 121, 122, 123, 124, 125, 126, 127, 128, 129, 130, 131, 132, 133, 134, 135, 136, 137, 138, 139, 140, 141, 142, 143, 144, 145, 146, 147, 148, 149, 150, 151, 152, 153, 154, 155, 156, 157, 158]
Z/mZ*: [1, 2, 4, 5, 7, 8, 10, 11, 13, 14, 16, 17, 19, 20, 22, 23, 25, 26, 28, 29, 31, 32, 34, 35, 37, 38, 40, 41, 43, 44, 46, 47, 49, 50, 52, 55, 56, 58, 59, 61, 62, 64, 65, 67, 68, 70, 71, 73, 74, 76, 77, 79, 80, 82, 83, 85, 86, 88, 89, 91, 92, 94, 95, 97, 98, 100, 101, 103, 104, 107, 109, 110, 112, 113, 115, 116, 118, 119, 121, 122, 124, 125, 127, 128, 130, 131, 133, 134, 136, 137, 139, 140, 142, 143, 145, 146, 148, 149, 151, 152, 154, 155, 157, 158]
All ascending & non-repeating tuple (size 2) combinations possible for the U set: 12403
All ascending & non-repeating tuple (size 1 to 2) combinations possible for the U set: 365375409332725729550921208179070754913983135743
                      V set: contains 79 tuples
          all_are_pairs set: contains 79 tuples
         some_are_pairs set: contains 0 tuples
         none_are_pairs set: contains 0 tuples
         indecomposable set: contains 0 tuples
decomposable & no pairs set: contains 0 tuples
     exceptional_cycles set: contains 0 tuples

Print V set (contains 79 tuples): {
(20, 139)
(64, 95)
(3, 156)
(14, 145)
(79, 80)
(45, 114)
(49, 110)
(66, 93)
(58, 101)
(43, 116)
(27, 132)
(28, 131)
(71, 88)
(61, 98)
(30, 129)
(24, 135)
(46, 113)
(7, 152)
(68, 91)
(57, 102)
(19, 140)
(63, 96)
(38, 121)
(54, 105)
(17, 142)
(55, 104)
(69, 90)
(70, 89)
(48, 111)
(67, 92)
(37, 122)
(44, 115)
(23, 136)
(18, 141)
(34, 125)
(50, 109)
(73, 86)
(76, 83)
(6, 153)
(4, 155)
(11, 148)
(13, 146)
(31, 128)
(32, 127)
(35, 124)
(33, 126)
(59, 100)
(25, 134)
(60, 99)
(74, 85)
(9, 150)
(2, 157)
(10, 149)
(36, 123)
(15, 144)
(22, 137)
(52, 107)
(40, 119)
(77, 82)
(51, 108)
(26, 133)
(47, 112)
(75, 84)
(8, 151)
(39, 120)
(62, 97)
(56, 103)
(72, 87)
(41, 118)
(42, 117)
(29, 130)
(53, 106)
(65, 94)
(12, 147)
(1, 158)
(16, 143)
(21, 138)
(78, 81)
(5, 154)}

Print all_are_pairs (contains 79 tuples): {
(20, 139)
(64, 95)
(3, 156)
(14, 145)
(79, 80)
(45, 114)
(49, 110)
(66, 93)
(58, 101)
(43, 116)
(27, 132)
(28, 131)
(71, 88)
(61, 98)
(30, 129)
(24, 135)
(46, 113)
(7, 152)
(68, 91)
(57, 102)
(19, 140)
(63, 96)
(38, 121)
(54, 105)
(17, 142)
(55, 104)
(69, 90)
(70, 89)
(48, 111)
(67, 92)
(37, 122)
(44, 115)
(23, 136)
(18, 141)
(34, 125)
(50, 109)
(73, 86)
(76, 83)
(6, 153)
(4, 155)
(11, 148)
(13, 146)
(31, 128)
(32, 127)
(35, 124)
(33, 126)
(59, 100)
(25, 134)
(60, 99)
(74, 85)
(9, 150)
(2, 157)
(10, 149)
(36, 123)
(15, 144)
(22, 137)
(52, 107)
(40, 119)
(77, 82)
(51, 108)
(26, 133)
(47, 112)
(75, 84)
(8, 151)
(39, 120)
(62, 97)
(56, 103)
(72, 87)
(41, 118)
(42, 117)
(29, 130)
(53, 106)
(65, 94)
(12, 147)
(1, 158)
(16, 143)
(21, 138)
(78, 81)
(5, 154)}

Print some_are_pairs (contains 0 tuples): {}

Print none_are_pairs (contains 0 tuples): {}

Print indecomposable (contains 0 tuples): {}

Print decomposable but no pairs (contains 0 tuples): {}

Print exceptional cycles (contains 0 tuples): {}

Below are debug outputs for each alpha in V whether it was put in the indecomposable set or the decomposable but no pairs set:


method validate_set_V(159, 1) ran to completion.
