Running method validate_set_V(m = 31, d = 2):

Summary:
given m = 31, d = 2
Calculations took 0 days, 0 hours, 0 minutes, 0 seconds, 0 miliseconds, 625 microseconds, 900 nanoseconds.
Z/mZ:  [0, 1, 2, 3, 4, 5, 6, 7, 8, 9, 10, 11, 12, 13, 14, 15, 16, 17, 18, 19, 20, 21, 22, 23, 24, 25, 26, 27, 28, 29, 30]
Z/mZ*: [1, 2, 3, 4, 5, 6, 7, 8, 9, 10, 11, 12, 13, 14, 15, 16, 17, 18, 19, 20, 21, 22, 23, 24, 25, 26, 27, 28, 29, 30]
All ascending & non-repeating tuple (size 4) combinations possible for the U set: 27405
                      V set: contains 105 tuples
          all_are_pairs set: contains 105 tuples
         some_are_pairs set: contains 0 tuples
         none_are_pairs set: contains 0 tuples
         indecomposable set: contains 0 tuples
decomposable & no pairs set: contains 0 tuples
     exceptional_cycles set: contains 0 tuples

Print V set (contains 105 tuples): {
(6, 13, 18, 25)
(4, 15, 16, 27)
(5, 7, 24, 26)
(8, 11, 20, 23)
(1, 14, 17, 30)
(9, 15, 16, 22)
(6, 9, 22, 25)
(9, 14, 17, 22)
(2, 9, 22, 29)
(7, 15, 16, 24)
(7, 12, 19, 24)
(3, 4, 27, 28)
(5, 11, 20, 26)
(1, 13, 18, 30)
(2, 7, 24, 29)
(8, 10, 21, 23)
(2, 15, 16, 29)
(5, 14, 17, 26)
(8, 13, 18, 23)
(10, 13, 18, 21)
(2, 3, 28, 29)
(3, 5, 26, 28)
(2, 8, 23, 29)
(3, 12, 19, 28)
(3, 13, 18, 28)
(6, 14, 17, 25)
(1, 5, 26, 30)
(7, 14, 17, 24)
(5, 10, 21, 26)
(7, 11, 20, 24)
(4, 9, 22, 27)
(6, 15, 16, 25)
(6, 12, 19, 25)
(10, 12, 19, 21)
(4, 12, 19, 27)
(6, 10, 21, 25)
(6, 7, 24, 25)
(12, 14, 17, 19)
(10, 15, 16, 21)
(4, 14, 17, 27)
(8, 15, 16, 23)
(10, 14, 17, 21)
(7, 9, 22, 24)
(3, 6, 25, 28)
(5, 8, 23, 26)
(4, 6, 25, 27)
(8, 14, 17, 23)
(2, 10, 21, 29)
(1, 11, 20, 30)
(4, 7, 24, 27)
(2, 5, 26, 29)
(2, 13, 18, 29)
(3, 8, 23, 28)
(3, 11, 20, 28)
(11, 12, 19, 20)
(4, 8, 23, 27)
(5, 12, 19, 26)
(5, 6, 25, 26)
(5, 15, 16, 26)
(2, 11, 20, 29)
(6, 8, 23, 25)
(2, 14, 17, 29)
(9, 11, 20, 22)
(11, 13, 18, 20)
(9, 12, 19, 22)
(4, 5, 26, 27)
(1, 9, 22, 30)
(2, 4, 27, 29)
(1, 7, 24, 30)
(5, 9, 22, 26)
(3, 7, 24, 28)
(4, 13, 18, 27)
(11, 15, 16, 20)
(11, 14, 17, 20)
(3, 10, 21, 28)
(6, 11, 20, 25)
(13, 15, 16, 18)
(9, 13, 18, 22)
(4, 11, 20, 27)
(14, 15, 16, 17)
(9, 10, 21, 22)
(8, 12, 19, 23)
(1, 6, 25, 30)
(3, 15, 16, 28)
(1, 10, 21, 30)
(3, 9, 22, 28)
(3, 14, 17, 28)
(1, 8, 23, 30)
(2, 12, 19, 29)
(13, 14, 17, 18)
(7, 8, 23, 24)
(8, 9, 22, 23)
(5, 13, 18, 26)
(1, 3, 28, 30)
(2, 6, 25, 29)
(12, 13, 18, 19)
(1, 15, 16, 30)
(7, 10, 21, 24)
(4, 10, 21, 27)
(1, 12, 19, 30)
(7, 13, 18, 24)
(1, 2, 29, 30)
(1, 4, 27, 30)
(12, 15, 16, 19)
(10, 11, 20, 21)}

Print all_are_pairs (contains 105 tuples): {
(6, 13, 18, 25)
(4, 15, 16, 27)
(5, 7, 24, 26)
(8, 11, 20, 23)
(1, 14, 17, 30)
(9, 15, 16, 22)
(6, 9, 22, 25)
(9, 14, 17, 22)
(2, 9, 22, 29)
(7, 15, 16, 24)
(7, 12, 19, 24)
(3, 4, 27, 28)
(5, 11, 20, 26)
(1, 13, 18, 30)
(2, 7, 24, 29)
(8, 10, 21, 23)
(2, 15, 16, 29)
(5, 14, 17, 26)
(8, 13, 18, 23)
(10, 13, 18, 21)
(2, 3, 28, 29)
(3, 5, 26, 28)
(2, 8, 23, 29)
(3, 12, 19, 28)
(3, 13, 18, 28)
(6, 14, 17, 25)
(1, 5, 26, 30)
(7, 14, 17, 24)
(5, 10, 21, 26)
(7, 11, 20, 24)
(4, 9, 22, 27)
(6, 15, 16, 25)
(6, 12, 19, 25)
(10, 12, 19, 21)
(4, 12, 19, 27)
(6, 10, 21, 25)
(6, 7, 24, 25)
(12, 14, 17, 19)
(10, 15, 16, 21)
(4, 14, 17, 27)
(8, 15, 16, 23)
(10, 14, 17, 21)
(7, 9, 22, 24)
(3, 6, 25, 28)
(5, 8, 23, 26)
(4, 6, 25, 27)
(8, 14, 17, 23)
(2, 10, 21, 29)
(1, 11, 20, 30)
(4, 7, 24, 27)
(2, 5, 26, 29)
(2, 13, 18, 29)
(3, 8, 23, 28)
(3, 11, 20, 28)
(11, 12, 19, 20)
(4, 8, 23, 27)
(5, 12, 19, 26)
(5, 6, 25, 26)
(5, 15, 16, 26)
(2, 11, 20, 29)
(6, 8, 23, 25)
(2, 14, 17, 29)
(9, 11, 20, 22)
(11, 13, 18, 20)
(9, 12, 19, 22)
(4, 5, 26, 27)
(1, 9, 22, 30)
(2, 4, 27, 29)
(1, 7, 24, 30)
(5, 9, 22, 26)
(3, 7, 24, 28)
(4, 13, 18, 27)
(11, 15, 16, 20)
(11, 14, 17, 20)
(3, 10, 21, 28)
(6, 11, 20, 25)
(13, 15, 16, 18)
(9, 13, 18, 22)
(4, 11, 20, 27)
(14, 15, 16, 17)
(9, 10, 21, 22)
(8, 12, 19, 23)
(1, 6, 25, 30)
(3, 15, 16, 28)
(1, 10, 21, 30)
(3, 9, 22, 28)
(3, 14, 17, 28)
(1, 8, 23, 30)
(2, 12, 19, 29)
(13, 14, 17, 18)
(7, 8, 23, 24)
(8, 9, 22, 23)
(5, 13, 18, 26)
(1, 3, 28, 30)
(2, 6, 25, 29)
(12, 13, 18, 19)
(1, 15, 16, 30)
(7, 10, 21, 24)
(4, 10, 21, 27)
(1, 12, 19, 30)
(7, 13, 18, 24)
(1, 2, 29, 30)
(1, 4, 27, 30)
(12, 15, 16, 19)
(10, 11, 20, 21)}

Print some_are_pairs (contains 0 tuples): {}

Print none_are_pairs (contains 0 tuples): {}

Print indecomposable (contains 0 tuples): {}

Print decomposable but no pairs (contains 0 tuples): {}

Print exceptional cycles (contains 0 tuples): {}

Below are debug outputs for each alpha in V whether it was put in the indecomposable set or the decomposable but no pairs set:


method validate_set_V(31, 2) ran to completion.
